"day","end","incidence","confirmed"
2020-03-11,2020-04-06,2,3
2020-03-12,2020-04-06,1,4
2020-03-13,2020-04-06,1,5
2020-03-14,2020-04-06,2,7
2020-03-15,2020-04-06,3,10
2020-03-16,2020-04-06,5,15
2020-03-17,2020-04-06,8,23
2020-03-18,2020-04-06,12,35
2020-03-19,2020-04-06,17,52
2020-03-20,2020-04-06,24,76
2020-03-21,2020-04-06,33,109
2020-03-22,2020-04-06,41,150
2020-03-23,2020-04-06,49,199
2020-03-24,2020-04-06,54,253
2020-03-25,2020-04-06,55,308
2020-03-26,2020-04-06,53,361
2020-03-27,2020-04-06,49,410
2020-03-28,2020-04-06,47,457
2020-03-29,2020-04-06,46,503
2020-03-30,2020-04-06,48,551
2020-03-31,2020-04-06,52,603
2020-04-01,2020-04-06,55,658
2020-04-02,2020-04-06,56,714
2020-04-03,2020-04-06,53,767
2020-04-04,2020-04-06,47,814
2020-04-05,2020-04-06,39,853
2020-04-06,2020-04-06,31,884
2020-04-07,2020-04-06,23,907
2020-04-08,2020-04-06,16,923
2020-04-09,2020-04-06,12,935
2020-04-10,2020-04-06,8,943
2020-04-11,2020-04-06,5,948
2020-04-12,2020-04-06,4,952
2020-04-13,2020-04-06,2,954
2020-04-14,2020-04-06,2,956
2020-04-15,2020-04-06,1,957
2020-04-16,2020-04-06,1,958
2020-04-17,2020-04-06,0,958
2020-04-18,2020-04-06,0,958
2020-04-19,2020-04-06,0,958
2020-04-20,2020-04-06,0,958
2020-04-21,2020-04-06,0,958
2020-04-22,2020-04-06,0,958
2020-04-23,2020-04-06,0,958
2020-04-24,2020-04-06,0,958
2020-04-25,2020-04-06,0,958
2020-04-26,2020-04-06,0,958
2020-04-27,2020-04-06,0,958
2020-04-28,2020-04-06,0,958
2020-04-29,2020-04-06,0,958
2020-04-30,2020-04-06,0,958
2020-05-01,2020-04-06,0,958
2020-05-02,2020-04-06,0,958
2020-05-03,2020-04-06,0,958
2020-05-04,2020-04-06,0,958
2020-05-05,2020-04-06,0,958
2020-05-06,2020-04-06,0,958
2020-03-11,2020-04-07,2,3
2020-03-12,2020-04-07,1,4
2020-03-13,2020-04-07,3,7
2020-03-14,2020-04-07,4,11
2020-03-15,2020-04-07,6,17
2020-03-16,2020-04-07,9,26
2020-03-17,2020-04-07,12,38
2020-03-18,2020-04-07,16,54
2020-03-19,2020-04-07,20,74
2020-03-20,2020-04-07,24,98
2020-03-21,2020-04-07,29,127
2020-03-22,2020-04-07,34,161
2020-03-23,2020-04-07,39,200
2020-03-24,2020-04-07,43,243
2020-03-25,2020-04-07,47,290
2020-03-26,2020-04-07,50,340
2020-03-27,2020-04-07,53,393
2020-03-28,2020-04-07,55,448
2020-03-29,2020-04-07,56,504
2020-03-30,2020-04-07,56,560
2020-03-31,2020-04-07,55,615
2020-04-01,2020-04-07,53,668
2020-04-02,2020-04-07,51,719
2020-04-03,2020-04-07,48,767
2020-04-04,2020-04-07,45,812
2020-04-05,2020-04-07,42,854
2020-04-06,2020-04-07,38,892
2020-04-07,2020-04-07,35,927
2020-04-08,2020-04-07,31,958
2020-04-09,2020-04-07,28,986
2020-04-10,2020-04-07,25,1011
2020-04-11,2020-04-07,22,1033
2020-04-12,2020-04-07,21,1054
2020-04-13,2020-04-07,20,1074
2020-04-14,2020-04-07,20,1094
2020-04-15,2020-04-07,20,1114
2020-04-16,2020-04-07,21,1135
2020-04-17,2020-04-07,23,1158
2020-04-18,2020-04-07,25,1183
2020-04-19,2020-04-07,28,1211
2020-04-20,2020-04-07,32,1243
2020-04-21,2020-04-07,35,1278
2020-04-22,2020-04-07,39,1317
2020-04-23,2020-04-07,43,1360
2020-04-24,2020-04-07,47,1407
2020-04-25,2020-04-07,50,1457
2020-04-26,2020-04-07,52,1509
2020-04-27,2020-04-07,54,1563
2020-04-28,2020-04-07,55,1618
2020-04-29,2020-04-07,55,1673
2020-04-30,2020-04-07,54,1727
2020-05-01,2020-04-07,53,1780
2020-05-02,2020-04-07,51,1831
2020-05-03,2020-04-07,48,1879
2020-05-04,2020-04-07,45,1924
2020-05-05,2020-04-07,42,1966
2020-05-06,2020-04-07,38,2004
2020-05-07,2020-04-07,35,2039
2020-03-11,2020-04-08,2,3
2020-03-12,2020-04-08,2,5
2020-03-13,2020-04-08,3,8
2020-03-14,2020-04-08,4,12
2020-03-15,2020-04-08,7,19
2020-03-16,2020-04-08,9,28
2020-03-17,2020-04-08,13,41
2020-03-18,2020-04-08,16,57
2020-03-19,2020-04-08,20,77
2020-03-20,2020-04-08,25,102
2020-03-21,2020-04-08,29,131
2020-03-22,2020-04-08,34,165
2020-03-23,2020-04-08,38,203
2020-03-24,2020-04-08,43,246
2020-03-25,2020-04-08,47,293
2020-03-26,2020-04-08,50,343
2020-03-27,2020-04-08,52,395
2020-03-28,2020-04-08,54,449
2020-03-29,2020-04-08,55,504
2020-03-30,2020-04-08,55,559
2020-03-31,2020-04-08,55,614
2020-04-01,2020-04-08,53,667
2020-04-02,2020-04-08,52,719
2020-04-03,2020-04-08,49,768
2020-04-04,2020-04-08,46,814
2020-04-05,2020-04-08,43,857
2020-04-06,2020-04-08,40,897
2020-04-07,2020-04-08,37,934
2020-04-08,2020-04-08,34,968
2020-04-09,2020-04-08,30,998
2020-04-10,2020-04-08,27,1025
2020-04-11,2020-04-08,25,1050
2020-04-12,2020-04-08,22,1072
2020-04-13,2020-04-08,20,1092
2020-04-14,2020-04-08,17,1109
2020-04-15,2020-04-08,17,1126
2020-04-16,2020-04-08,16,1142
2020-04-17,2020-04-08,17,1159
2020-04-18,2020-04-08,17,1176
2020-04-19,2020-04-08,19,1195
2020-04-20,2020-04-08,21,1216
2020-04-21,2020-04-08,24,1240
2020-04-22,2020-04-08,27,1267
2020-04-23,2020-04-08,30,1297
2020-04-24,2020-04-08,34,1331
2020-04-25,2020-04-08,37,1368
2020-04-26,2020-04-08,41,1409
2020-04-27,2020-04-08,44,1453
2020-04-28,2020-04-08,47,1500
2020-04-29,2020-04-08,49,1549
2020-04-30,2020-04-08,50,1599
2020-05-01,2020-04-08,51,1650
2020-05-02,2020-04-08,51,1701
2020-05-03,2020-04-08,50,1751
2020-05-04,2020-04-08,48,1799
2020-05-05,2020-04-08,46,1845
2020-05-06,2020-04-08,44,1889
2020-05-07,2020-04-08,41,1930
2020-05-08,2020-04-08,38,1968
2020-03-11,2020-04-09,2,3
2020-03-12,2020-04-09,2,5
2020-03-13,2020-04-09,3,8
2020-03-14,2020-04-09,5,13
2020-03-15,2020-04-09,7,20
2020-03-16,2020-04-09,10,30
2020-03-17,2020-04-09,13,43
2020-03-18,2020-04-09,17,60
2020-03-19,2020-04-09,21,81
2020-03-20,2020-04-09,25,106
2020-03-21,2020-04-09,30,136
2020-03-22,2020-04-09,34,170
2020-03-23,2020-04-09,39,209
2020-03-24,2020-04-09,43,252
2020-03-25,2020-04-09,47,299
2020-03-26,2020-04-09,50,349
2020-03-27,2020-04-09,52,401
2020-03-28,2020-04-09,54,455
2020-03-29,2020-04-09,55,510
2020-03-30,2020-04-09,55,565
2020-03-31,2020-04-09,54,619
2020-04-01,2020-04-09,53,672
2020-04-02,2020-04-09,51,723
2020-04-03,2020-04-09,49,772
2020-04-04,2020-04-09,46,818
2020-04-05,2020-04-09,43,861
2020-04-06,2020-04-09,41,902
2020-04-07,2020-04-09,39,941
2020-04-08,2020-04-09,38,979
2020-04-09,2020-04-09,37,1016
2020-04-10,2020-04-09,37,1053
2020-04-11,2020-04-09,37,1090
2020-04-12,2020-04-09,38,1128
2020-04-13,2020-04-09,40,1168
2020-04-14,2020-04-09,42,1210
2020-04-15,2020-04-09,44,1254
2020-04-16,2020-04-09,46,1300
2020-04-17,2020-04-09,49,1349
2020-04-18,2020-04-09,51,1400
2020-04-19,2020-04-09,53,1453
2020-04-20,2020-04-09,54,1507
2020-04-21,2020-04-09,55,1562
2020-04-22,2020-04-09,55,1617
2020-04-23,2020-04-09,54,1671
2020-04-24,2020-04-09,52,1723
2020-04-25,2020-04-09,51,1774
2020-04-26,2020-04-09,48,1822
2020-04-27,2020-04-09,45,1867
2020-04-28,2020-04-09,42,1909
2020-04-29,2020-04-09,39,1948
2020-04-30,2020-04-09,36,1984
2020-05-01,2020-04-09,33,2017
2020-05-02,2020-04-09,29,2046
2020-05-03,2020-04-09,26,2072
2020-05-04,2020-04-09,24,2096
2020-05-05,2020-04-09,21,2117
2020-05-06,2020-04-09,19,2136
2020-05-07,2020-04-09,16,2152
2020-05-08,2020-04-09,14,2166
2020-05-09,2020-04-09,13,2179
2020-03-11,2020-04-10,2,3
2020-03-12,2020-04-10,2,5
2020-03-13,2020-04-10,3,8
2020-03-14,2020-04-10,4,12
2020-03-15,2020-04-10,7,19
2020-03-16,2020-04-10,9,28
2020-03-17,2020-04-10,12,40
2020-03-18,2020-04-10,16,56
2020-03-19,2020-04-10,20,76
2020-03-20,2020-04-10,25,101
2020-03-21,2020-04-10,29,130
2020-03-22,2020-04-10,34,164
2020-03-23,2020-04-10,38,202
2020-03-24,2020-04-10,43,245
2020-03-25,2020-04-10,47,292
2020-03-26,2020-04-10,50,342
2020-03-27,2020-04-10,53,395
2020-03-28,2020-04-10,54,449
2020-03-29,2020-04-10,55,504
2020-03-30,2020-04-10,55,559
2020-03-31,2020-04-10,55,614
2020-04-01,2020-04-10,53,667
2020-04-02,2020-04-10,51,718
2020-04-03,2020-04-10,49,767
2020-04-04,2020-04-10,46,813
2020-04-05,2020-04-10,43,856
2020-04-06,2020-04-10,40,896
2020-04-07,2020-04-10,38,934
2020-04-08,2020-04-10,36,970
2020-04-09,2020-04-10,35,1005
2020-04-10,2020-04-10,34,1039
2020-04-11,2020-04-10,34,1073
2020-04-12,2020-04-10,35,1108
2020-04-13,2020-04-10,36,1144
2020-04-14,2020-04-10,38,1182
2020-04-15,2020-04-10,40,1222
2020-04-16,2020-04-10,43,1265
2020-04-17,2020-04-10,46,1311
2020-04-18,2020-04-10,49,1360
2020-04-19,2020-04-10,52,1412
2020-04-20,2020-04-10,55,1467
2020-04-21,2020-04-10,57,1524
2020-04-22,2020-04-10,58,1582
2020-04-23,2020-04-10,59,1641
2020-04-24,2020-04-10,59,1700
2020-04-25,2020-04-10,59,1759
2020-04-26,2020-04-10,57,1816
2020-04-27,2020-04-10,55,1871
2020-04-28,2020-04-10,53,1924
2020-04-29,2020-04-10,50,1974
2020-04-30,2020-04-10,47,2021
2020-05-01,2020-04-10,43,2064
2020-05-02,2020-04-10,40,2104
2020-05-03,2020-04-10,36,2140
2020-05-04,2020-04-10,33,2173
2020-05-05,2020-04-10,30,2203
2020-05-06,2020-04-10,27,2230
2020-05-07,2020-04-10,24,2254
2020-05-08,2020-04-10,21,2275
2020-05-09,2020-04-10,19,2294
2020-05-10,2020-04-10,16,2310
2020-03-11,2020-04-11,2,3
2020-03-12,2020-04-11,2,5
2020-03-13,2020-04-11,3,8
2020-03-14,2020-04-11,5,13
2020-03-15,2020-04-11,7,20
2020-03-16,2020-04-11,10,30
2020-03-17,2020-04-11,13,43
2020-03-18,2020-04-11,17,60
2020-03-19,2020-04-11,21,81
2020-03-20,2020-04-11,25,106
2020-03-21,2020-04-11,29,135
2020-03-22,2020-04-11,34,169
2020-03-23,2020-04-11,38,207
2020-03-24,2020-04-11,42,249
2020-03-25,2020-04-11,46,295
2020-03-26,2020-04-11,49,344
2020-03-27,2020-04-11,52,396
2020-03-28,2020-04-11,54,450
2020-03-29,2020-04-11,55,505
2020-03-30,2020-04-11,55,560
2020-03-31,2020-04-11,55,615
2020-04-01,2020-04-11,54,669
2020-04-02,2020-04-11,52,721
2020-04-03,2020-04-11,50,771
2020-04-04,2020-04-11,47,818
2020-04-05,2020-04-11,45,863
2020-04-06,2020-04-11,42,905
2020-04-07,2020-04-11,39,944
2020-04-08,2020-04-11,36,980
2020-04-09,2020-04-11,33,1013
2020-04-10,2020-04-11,30,1043
2020-04-11,2020-04-11,27,1070
2020-04-12,2020-04-11,24,1094
2020-04-13,2020-04-11,22,1116
2020-04-14,2020-04-11,19,1135
2020-04-15,2020-04-11,17,1152
2020-04-16,2020-04-11,15,1167
2020-04-17,2020-04-11,14,1181
2020-04-18,2020-04-11,12,1193
2020-04-19,2020-04-11,11,1204
2020-04-20,2020-04-11,9,1213
2020-04-21,2020-04-11,8,1221
2020-04-22,2020-04-11,7,1228
2020-04-23,2020-04-11,6,1234
2020-04-24,2020-04-11,6,1240
2020-04-25,2020-04-11,5,1245
2020-04-26,2020-04-11,4,1249
2020-04-27,2020-04-11,4,1253
2020-04-28,2020-04-11,3,1256
2020-04-29,2020-04-11,3,1259
2020-04-30,2020-04-11,3,1262
2020-05-01,2020-04-11,4,1266
2020-05-02,2020-04-11,6,1272
2020-05-03,2020-04-11,7,1279
2020-05-04,2020-04-11,9,1288
2020-05-05,2020-04-11,12,1300
2020-05-06,2020-04-11,15,1315
2020-05-07,2020-04-11,19,1334
2020-05-08,2020-04-11,23,1357
2020-05-09,2020-04-11,27,1384
2020-05-10,2020-04-11,31,1415
2020-05-11,2020-04-11,35,1450
2020-03-11,2020-04-12,2,3
2020-03-12,2020-04-12,2,5
2020-03-13,2020-04-12,3,8
2020-03-14,2020-04-12,4,12
2020-03-15,2020-04-12,7,19
2020-03-16,2020-04-12,9,28
2020-03-17,2020-04-12,12,40
2020-03-18,2020-04-12,16,56
2020-03-19,2020-04-12,20,76
2020-03-20,2020-04-12,25,101
2020-03-21,2020-04-12,29,130
2020-03-22,2020-04-12,34,164
2020-03-23,2020-04-12,38,202
2020-03-24,2020-04-12,43,245
2020-03-25,2020-04-12,46,291
2020-03-26,2020-04-12,50,341
2020-03-27,2020-04-12,52,393
2020-03-28,2020-04-12,54,447
2020-03-29,2020-04-12,55,502
2020-03-30,2020-04-12,56,558
2020-03-31,2020-04-12,55,613
2020-04-01,2020-04-12,54,667
2020-04-02,2020-04-12,52,719
2020-04-03,2020-04-12,50,769
2020-04-04,2020-04-12,47,816
2020-04-05,2020-04-12,44,860
2020-04-06,2020-04-12,41,901
2020-04-07,2020-04-12,37,938
2020-04-08,2020-04-12,34,972
2020-04-09,2020-04-12,31,1003
2020-04-10,2020-04-12,28,1031
2020-04-11,2020-04-12,25,1056
2020-04-12,2020-04-12,22,1078
2020-04-13,2020-04-12,20,1098
2020-04-14,2020-04-12,18,1116
2020-04-15,2020-04-12,16,1132
2020-04-16,2020-04-12,14,1146
2020-04-17,2020-04-12,12,1158
2020-04-18,2020-04-12,11,1169
2020-04-19,2020-04-12,9,1178
2020-04-20,2020-04-12,8,1186
2020-04-21,2020-04-12,7,1193
2020-04-22,2020-04-12,6,1199
2020-04-23,2020-04-12,5,1204
2020-04-24,2020-04-12,5,1209
2020-04-25,2020-04-12,4,1213
2020-04-26,2020-04-12,4,1217
2020-04-27,2020-04-12,3,1220
2020-04-28,2020-04-12,3,1223
2020-04-29,2020-04-12,2,1225
2020-04-30,2020-04-12,2,1227
2020-05-01,2020-04-12,2,1229
2020-05-02,2020-04-12,2,1231
2020-05-03,2020-04-12,1,1232
2020-05-04,2020-04-12,1,1233
2020-05-05,2020-04-12,1,1234
2020-05-06,2020-04-12,1,1235
2020-05-07,2020-04-12,1,1236
2020-05-08,2020-04-12,1,1237
2020-05-09,2020-04-12,1,1238
2020-05-10,2020-04-12,0,1238
2020-05-11,2020-04-12,0,1238
2020-05-12,2020-04-12,0,1238
2020-03-11,2020-04-13,2,3
2020-03-12,2020-04-13,1,4
2020-03-13,2020-04-13,3,7
2020-03-14,2020-04-13,4,11
2020-03-15,2020-04-13,6,17
2020-03-16,2020-04-13,9,26
2020-03-17,2020-04-13,12,38
2020-03-18,2020-04-13,16,54
2020-03-19,2020-04-13,20,74
2020-03-20,2020-04-13,24,98
2020-03-21,2020-04-13,29,127
2020-03-22,2020-04-13,34,161
2020-03-23,2020-04-13,38,199
2020-03-24,2020-04-13,43,242
2020-03-25,2020-04-13,47,289
2020-03-26,2020-04-13,50,339
2020-03-27,2020-04-13,53,392
2020-03-28,2020-04-13,55,447
2020-03-29,2020-04-13,56,503
2020-03-30,2020-04-13,56,559
2020-03-31,2020-04-13,55,614
2020-04-01,2020-04-13,54,668
2020-04-02,2020-04-13,52,720
2020-04-03,2020-04-13,49,769
2020-04-04,2020-04-13,46,815
2020-04-05,2020-04-13,43,858
2020-04-06,2020-04-13,40,898
2020-04-07,2020-04-13,36,934
2020-04-08,2020-04-13,33,967
2020-04-09,2020-04-13,30,997
2020-04-10,2020-04-13,26,1023
2020-04-11,2020-04-13,24,1047
2020-04-12,2020-04-13,21,1068
2020-04-13,2020-04-13,19,1087
2020-04-14,2020-04-13,16,1103
2020-04-15,2020-04-13,14,1117
2020-04-16,2020-04-13,13,1130
2020-04-17,2020-04-13,11,1141
2020-04-18,2020-04-13,10,1151
2020-04-19,2020-04-13,8,1159
2020-04-20,2020-04-13,7,1166
2020-04-21,2020-04-13,6,1172
2020-04-22,2020-04-13,5,1177
2020-04-23,2020-04-13,5,1182
2020-04-24,2020-04-13,4,1186
2020-04-25,2020-04-13,4,1190
2020-04-26,2020-04-13,3,1193
2020-04-27,2020-04-13,3,1196
2020-04-28,2020-04-13,2,1198
2020-04-29,2020-04-13,2,1200
2020-04-30,2020-04-13,2,1202
2020-05-01,2020-04-13,1,1203
2020-05-02,2020-04-13,1,1204
2020-05-03,2020-04-13,1,1205
2020-05-04,2020-04-13,1,1206
2020-05-05,2020-04-13,1,1207
2020-05-06,2020-04-13,1,1208
2020-05-07,2020-04-13,1,1209
2020-05-08,2020-04-13,1,1210
2020-05-09,2020-04-13,0,1210
2020-05-10,2020-04-13,0,1210
2020-05-11,2020-04-13,0,1210
2020-05-12,2020-04-13,0,1210
2020-05-13,2020-04-13,0,1210
2020-03-11,2020-04-14,2,3
2020-03-12,2020-04-14,1,4
2020-03-13,2020-04-14,3,7
2020-03-14,2020-04-14,4,11
2020-03-15,2020-04-14,6,17
2020-03-16,2020-04-14,9,26
2020-03-17,2020-04-14,12,38
2020-03-18,2020-04-14,16,54
2020-03-19,2020-04-14,20,74
2020-03-20,2020-04-14,24,98
2020-03-21,2020-04-14,29,127
2020-03-22,2020-04-14,34,161
2020-03-23,2020-04-14,38,199
2020-03-24,2020-04-14,43,242
2020-03-25,2020-04-14,47,289
2020-03-26,2020-04-14,50,339
2020-03-27,2020-04-14,53,392
2020-03-28,2020-04-14,55,447
2020-03-29,2020-04-14,56,503
2020-03-30,2020-04-14,56,559
2020-03-31,2020-04-14,55,614
2020-04-01,2020-04-14,54,668
2020-04-02,2020-04-14,52,720
2020-04-03,2020-04-14,49,769
2020-04-04,2020-04-14,46,815
2020-04-05,2020-04-14,43,858
2020-04-06,2020-04-14,40,898
2020-04-07,2020-04-14,36,934
2020-04-08,2020-04-14,33,967
2020-04-09,2020-04-14,30,997
2020-04-10,2020-04-14,27,1024
2020-04-11,2020-04-14,24,1048
2020-04-12,2020-04-14,21,1069
2020-04-13,2020-04-14,19,1088
2020-04-14,2020-04-14,17,1105
2020-04-15,2020-04-14,15,1120
2020-04-16,2020-04-14,13,1133
2020-04-17,2020-04-14,11,1144
2020-04-18,2020-04-14,10,1154
2020-04-19,2020-04-14,9,1163
2020-04-20,2020-04-14,7,1170
2020-04-21,2020-04-14,7,1177
2020-04-22,2020-04-14,6,1183
2020-04-23,2020-04-14,5,1188
2020-04-24,2020-04-14,4,1192
2020-04-25,2020-04-14,4,1196
2020-04-26,2020-04-14,3,1199
2020-04-27,2020-04-14,3,1202
2020-04-28,2020-04-14,2,1204
2020-04-29,2020-04-14,2,1206
2020-04-30,2020-04-14,2,1208
2020-05-01,2020-04-14,2,1210
2020-05-02,2020-04-14,1,1211
2020-05-03,2020-04-14,1,1212
2020-05-04,2020-04-14,1,1213
2020-05-05,2020-04-14,1,1214
2020-05-06,2020-04-14,1,1215
2020-05-07,2020-04-14,1,1216
2020-05-08,2020-04-14,1,1217
2020-05-09,2020-04-14,0,1217
2020-05-10,2020-04-14,0,1217
2020-05-11,2020-04-14,0,1217
2020-05-12,2020-04-14,0,1217
2020-05-13,2020-04-14,0,1217
2020-05-14,2020-04-14,0,1217
2020-03-11,2020-04-15,2,3
2020-03-12,2020-04-15,2,5
2020-03-13,2020-04-15,3,8
2020-03-14,2020-04-15,5,13
2020-03-15,2020-04-15,7,20
2020-03-16,2020-04-15,10,30
2020-03-17,2020-04-15,13,43
2020-03-18,2020-04-15,17,60
2020-03-19,2020-04-15,21,81
2020-03-20,2020-04-15,25,106
2020-03-21,2020-04-15,30,136
2020-03-22,2020-04-15,34,170
2020-03-23,2020-04-15,39,209
2020-03-24,2020-04-15,43,252
2020-03-25,2020-04-15,47,299
2020-03-26,2020-04-15,50,349
2020-03-27,2020-04-15,52,401
2020-03-28,2020-04-15,54,455
2020-03-29,2020-04-15,55,510
2020-03-30,2020-04-15,55,565
2020-03-31,2020-04-15,55,620
2020-04-01,2020-04-15,53,673
2020-04-02,2020-04-15,52,725
2020-04-03,2020-04-15,49,774
2020-04-04,2020-04-15,47,821
2020-04-05,2020-04-15,44,865
2020-04-06,2020-04-15,40,905
2020-04-07,2020-04-15,37,942
2020-04-08,2020-04-15,34,976
2020-04-09,2020-04-15,31,1007
2020-04-10,2020-04-15,28,1035
2020-04-11,2020-04-15,25,1060
2020-04-12,2020-04-15,23,1083
2020-04-13,2020-04-15,22,1105
2020-04-14,2020-04-15,21,1126
2020-04-15,2020-04-15,21,1147
2020-04-16,2020-04-15,21,1168
2020-04-17,2020-04-15,23,1191
2020-04-18,2020-04-15,24,1215
2020-04-19,2020-04-15,27,1242
2020-04-20,2020-04-15,30,1272
2020-04-21,2020-04-15,33,1305
2020-04-22,2020-04-15,37,1342
2020-04-23,2020-04-15,41,1383
2020-04-24,2020-04-15,44,1427
2020-04-25,2020-04-15,48,1475
2020-04-26,2020-04-15,51,1526
2020-04-27,2020-04-15,53,1579
2020-04-28,2020-04-15,55,1634
2020-04-29,2020-04-15,56,1690
2020-04-30,2020-04-15,57,1747
2020-05-01,2020-04-15,56,1803
2020-05-02,2020-04-15,55,1858
2020-05-03,2020-04-15,54,1912
2020-05-04,2020-04-15,52,1964
2020-05-05,2020-04-15,49,2013
2020-05-06,2020-04-15,46,2059
2020-05-07,2020-04-15,43,2102
2020-05-08,2020-04-15,40,2142
2020-05-09,2020-04-15,36,2178
2020-05-10,2020-04-15,33,2211
2020-05-11,2020-04-15,30,2241
2020-05-12,2020-04-15,27,2268
2020-05-13,2020-04-15,24,2292
2020-05-14,2020-04-15,22,2314
2020-05-15,2020-04-15,19,2333
2020-03-11,2020-04-16,2,3
2020-03-12,2020-04-16,2,5
2020-03-13,2020-04-16,3,8
2020-03-14,2020-04-16,5,13
2020-03-15,2020-04-16,7,20
2020-03-16,2020-04-16,10,30
2020-03-17,2020-04-16,13,43
2020-03-18,2020-04-16,17,60
2020-03-19,2020-04-16,21,81
2020-03-20,2020-04-16,25,106
2020-03-21,2020-04-16,30,136
2020-03-22,2020-04-16,34,170
2020-03-23,2020-04-16,39,209
2020-03-24,2020-04-16,43,252
2020-03-25,2020-04-16,47,299
2020-03-26,2020-04-16,50,349
2020-03-27,2020-04-16,52,401
2020-03-28,2020-04-16,54,455
2020-03-29,2020-04-16,55,510
2020-03-30,2020-04-16,55,565
2020-03-31,2020-04-16,55,620
2020-04-01,2020-04-16,53,673
2020-04-02,2020-04-16,52,725
2020-04-03,2020-04-16,49,774
2020-04-04,2020-04-16,47,821
2020-04-05,2020-04-16,44,865
2020-04-06,2020-04-16,40,905
2020-04-07,2020-04-16,37,942
2020-04-08,2020-04-16,34,976
2020-04-09,2020-04-16,31,1007
2020-04-10,2020-04-16,28,1035
2020-04-11,2020-04-16,25,1060
2020-04-12,2020-04-16,23,1083
2020-04-13,2020-04-16,22,1105
2020-04-14,2020-04-16,21,1126
2020-04-15,2020-04-16,21,1147
2020-04-16,2020-04-16,21,1168
2020-04-17,2020-04-16,22,1190
2020-04-18,2020-04-16,24,1214
2020-04-19,2020-04-16,27,1241
2020-04-20,2020-04-16,30,1271
2020-04-21,2020-04-16,33,1304
2020-04-22,2020-04-16,37,1341
2020-04-23,2020-04-16,40,1381
2020-04-24,2020-04-16,44,1425
2020-04-25,2020-04-16,48,1473
2020-04-26,2020-04-16,51,1524
2020-04-27,2020-04-16,53,1577
2020-04-28,2020-04-16,55,1632
2020-04-29,2020-04-16,56,1688
2020-04-30,2020-04-16,57,1745
2020-05-01,2020-04-16,57,1802
2020-05-02,2020-04-16,56,1858
2020-05-03,2020-04-16,54,1912
2020-05-04,2020-04-16,52,1964
2020-05-05,2020-04-16,49,2013
2020-05-06,2020-04-16,46,2059
2020-05-07,2020-04-16,43,2102
2020-05-08,2020-04-16,40,2142
2020-05-09,2020-04-16,37,2179
2020-05-10,2020-04-16,33,2212
2020-05-11,2020-04-16,30,2242
2020-05-12,2020-04-16,27,2269
2020-05-13,2020-04-16,25,2294
2020-05-14,2020-04-16,22,2316
2020-05-15,2020-04-16,19,2335
2020-05-16,2020-04-16,17,2352
2020-03-11,2020-04-17,2,3
2020-03-12,2020-04-17,1,4
2020-03-13,2020-04-17,2,6
2020-03-14,2020-04-17,4,10
2020-03-15,2020-04-17,6,16
2020-03-16,2020-04-17,8,24
2020-03-17,2020-04-17,11,35
2020-03-18,2020-04-17,15,50
2020-03-19,2020-04-17,19,69
2020-03-20,2020-04-17,23,92
2020-03-21,2020-04-17,28,120
2020-03-22,2020-04-17,34,154
2020-03-23,2020-04-17,39,193
2020-03-24,2020-04-17,44,237
2020-03-25,2020-04-17,48,285
2020-03-26,2020-04-17,52,337
2020-03-27,2020-04-17,55,392
2020-03-28,2020-04-17,57,449
2020-03-29,2020-04-17,58,507
2020-03-30,2020-04-17,58,565
2020-03-31,2020-04-17,56,621
2020-04-01,2020-04-17,54,675
2020-04-02,2020-04-17,51,726
2020-04-03,2020-04-17,48,774
2020-04-04,2020-04-17,44,818
2020-04-05,2020-04-17,40,858
2020-04-06,2020-04-17,36,894
2020-04-07,2020-04-17,34,928
2020-04-08,2020-04-17,31,959
2020-04-09,2020-04-17,29,988
2020-04-10,2020-04-17,28,1016
2020-04-11,2020-04-17,28,1044
2020-04-12,2020-04-17,28,1072
2020-04-13,2020-04-17,30,1102
2020-04-14,2020-04-17,32,1134
2020-04-15,2020-04-17,35,1169
2020-04-16,2020-04-17,38,1207
2020-04-17,2020-04-17,42,1249
2020-04-18,2020-04-17,45,1294
2020-04-19,2020-04-17,49,1343
2020-04-20,2020-04-17,52,1395
2020-04-21,2020-04-17,54,1449
2020-04-22,2020-04-17,56,1505
2020-04-23,2020-04-17,56,1561
2020-04-24,2020-04-17,56,1617
2020-04-25,2020-04-17,54,1671
2020-04-26,2020-04-17,52,1723
2020-04-27,2020-04-17,49,1772
2020-04-28,2020-04-17,45,1817
2020-04-29,2020-04-17,42,1859
2020-04-30,2020-04-17,38,1897
2020-05-01,2020-04-17,34,1931
2020-05-02,2020-04-17,30,1961
2020-05-03,2020-04-17,26,1987
2020-05-04,2020-04-17,23,2010
2020-05-05,2020-04-17,20,2030
2020-05-06,2020-04-17,17,2047
2020-05-07,2020-04-17,15,2062
2020-05-08,2020-04-17,13,2075
2020-05-09,2020-04-17,11,2086
2020-05-10,2020-04-17,9,2095
2020-05-11,2020-04-17,8,2103
2020-05-12,2020-04-17,7,2110
2020-05-13,2020-04-17,6,2116
2020-05-14,2020-04-17,5,2121
2020-05-15,2020-04-17,4,2125
2020-05-16,2020-04-17,3,2128
2020-05-17,2020-04-17,3,2131
2020-03-11,2020-04-18,2,3
2020-03-12,2020-04-18,1,4
2020-03-13,2020-04-18,2,6
2020-03-14,2020-04-18,3,9
2020-03-15,2020-04-18,5,14
2020-03-16,2020-04-18,8,22
2020-03-17,2020-04-18,10,32
2020-03-18,2020-04-18,14,46
2020-03-19,2020-04-18,18,64
2020-03-20,2020-04-18,23,87
2020-03-21,2020-04-18,28,115
2020-03-22,2020-04-18,33,148
2020-03-23,2020-04-18,39,187
2020-03-24,2020-04-18,44,231
2020-03-25,2020-04-18,49,280
2020-03-26,2020-04-18,53,333
2020-03-27,2020-04-18,56,389
2020-03-28,2020-04-18,58,447
2020-03-29,2020-04-18,59,506
2020-03-30,2020-04-18,58,564
2020-03-31,2020-04-18,57,621
2020-04-01,2020-04-18,55,676
2020-04-02,2020-04-18,51,727
2020-04-03,2020-04-18,48,775
2020-04-04,2020-04-18,44,819
2020-04-05,2020-04-18,39,858
2020-04-06,2020-04-18,36,894
2020-04-07,2020-04-18,33,927
2020-04-08,2020-04-18,31,958
2020-04-09,2020-04-18,29,987
2020-04-10,2020-04-18,28,1015
2020-04-11,2020-04-18,28,1043
2020-04-12,2020-04-18,29,1072
2020-04-13,2020-04-18,31,1103
2020-04-14,2020-04-18,33,1136
2020-04-15,2020-04-18,37,1173
2020-04-16,2020-04-18,41,1214
2020-04-17,2020-04-18,45,1259
2020-04-18,2020-04-18,49,1308
2020-04-19,2020-04-18,53,1361
2020-04-20,2020-04-18,56,1417
2020-04-21,2020-04-18,59,1476
2020-04-22,2020-04-18,61,1537
2020-04-23,2020-04-18,61,1598
2020-04-24,2020-04-18,61,1659
2020-04-25,2020-04-18,59,1718
2020-04-26,2020-04-18,56,1774
2020-04-27,2020-04-18,53,1827
2020-04-28,2020-04-18,49,1876
2020-04-29,2020-04-18,45,1921
2020-04-30,2020-04-18,40,1961
2020-05-01,2020-04-18,36,1997
2020-05-02,2020-04-18,32,2029
2020-05-03,2020-04-18,28,2057
2020-05-04,2020-04-18,25,2082
2020-05-05,2020-04-18,21,2103
2020-05-06,2020-04-18,18,2121
2020-05-07,2020-04-18,16,2137
2020-05-08,2020-04-18,13,2150
2020-05-09,2020-04-18,11,2161
2020-05-10,2020-04-18,10,2171
2020-05-11,2020-04-18,8,2179
2020-05-12,2020-04-18,7,2186
2020-05-13,2020-04-18,6,2192
2020-05-14,2020-04-18,5,2197
2020-05-15,2020-04-18,4,2201
2020-05-16,2020-04-18,4,2205
2020-05-17,2020-04-18,3,2208
2020-05-18,2020-04-18,2,2210
2020-03-11,2020-04-19,2,3
2020-03-12,2020-04-19,1,4
2020-03-13,2020-04-19,2,6
2020-03-14,2020-04-19,4,10
2020-03-15,2020-04-19,6,16
2020-03-16,2020-04-19,8,24
2020-03-17,2020-04-19,11,35
2020-03-18,2020-04-19,15,50
2020-03-19,2020-04-19,19,69
2020-03-20,2020-04-19,24,93
2020-03-21,2020-04-19,29,122
2020-03-22,2020-04-19,34,156
2020-03-23,2020-04-19,39,195
2020-03-24,2020-04-19,44,239
2020-03-25,2020-04-19,48,287
2020-03-26,2020-04-19,52,339
2020-03-27,2020-04-19,55,394
2020-03-28,2020-04-19,56,450
2020-03-29,2020-04-19,57,507
2020-03-30,2020-04-19,57,564
2020-03-31,2020-04-19,56,620
2020-04-01,2020-04-19,54,674
2020-04-02,2020-04-19,51,725
2020-04-03,2020-04-19,48,773
2020-04-04,2020-04-19,44,817
2020-04-05,2020-04-19,41,858
2020-04-06,2020-04-19,37,895
2020-04-07,2020-04-19,34,929
2020-04-08,2020-04-19,32,961
2020-04-09,2020-04-19,30,991
2020-04-10,2020-04-19,28,1019
2020-04-11,2020-04-19,28,1047
2020-04-12,2020-04-19,28,1075
2020-04-13,2020-04-19,29,1104
2020-04-14,2020-04-19,31,1135
2020-04-15,2020-04-19,34,1169
2020-04-16,2020-04-19,37,1206
2020-04-17,2020-04-19,41,1247
2020-04-18,2020-04-19,45,1292
2020-04-19,2020-04-19,48,1340
2020-04-20,2020-04-19,52,1392
2020-04-21,2020-04-19,54,1446
2020-04-22,2020-04-19,56,1502
2020-04-23,2020-04-19,58,1560
2020-04-24,2020-04-19,58,1618
2020-04-25,2020-04-19,57,1675
2020-04-26,2020-04-19,55,1730
2020-04-27,2020-04-19,53,1783
2020-04-28,2020-04-19,50,1833
2020-04-29,2020-04-19,47,1880
2020-04-30,2020-04-19,43,1923
2020-05-01,2020-04-19,39,1962
2020-05-02,2020-04-19,35,1997
2020-05-03,2020-04-19,31,2028
2020-05-04,2020-04-19,28,2056
2020-05-05,2020-04-19,25,2081
2020-05-06,2020-04-19,21,2102
2020-05-07,2020-04-19,19,2121
2020-05-08,2020-04-19,16,2137
2020-05-09,2020-04-19,14,2151
2020-05-10,2020-04-19,12,2163
2020-05-11,2020-04-19,10,2173
2020-05-12,2020-04-19,9,2182
2020-05-13,2020-04-19,8,2190
2020-05-14,2020-04-19,7,2197
2020-05-15,2020-04-19,6,2203
2020-05-16,2020-04-19,5,2208
2020-05-17,2020-04-19,4,2212
2020-05-18,2020-04-19,3,2215
2020-05-19,2020-04-19,3,2218
2020-03-11,2020-04-20,2,3
2020-03-12,2020-04-20,1,4
2020-03-13,2020-04-20,2,6
2020-03-14,2020-04-20,4,10
2020-03-15,2020-04-20,6,16
2020-03-16,2020-04-20,8,24
2020-03-17,2020-04-20,12,36
2020-03-18,2020-04-20,15,51
2020-03-19,2020-04-20,19,70
2020-03-20,2020-04-20,24,94
2020-03-21,2020-04-20,29,123
2020-03-22,2020-04-20,34,157
2020-03-23,2020-04-20,39,196
2020-03-24,2020-04-20,44,240
2020-03-25,2020-04-20,48,288
2020-03-26,2020-04-20,51,339
2020-03-27,2020-04-20,54,393
2020-03-28,2020-04-20,56,449
2020-03-29,2020-04-20,57,506
2020-03-30,2020-04-20,57,563
2020-03-31,2020-04-20,55,618
2020-04-01,2020-04-20,54,672
2020-04-02,2020-04-20,51,723
2020-04-03,2020-04-20,48,771
2020-04-04,2020-04-20,44,815
2020-04-05,2020-04-20,41,856
2020-04-06,2020-04-20,37,893
2020-04-07,2020-04-20,34,927
2020-04-08,2020-04-20,32,959
2020-04-09,2020-04-20,30,989
2020-04-10,2020-04-20,29,1018
2020-04-11,2020-04-20,28,1046
2020-04-12,2020-04-20,29,1075
2020-04-13,2020-04-20,29,1104
2020-04-14,2020-04-20,31,1135
2020-04-15,2020-04-20,33,1168
2020-04-16,2020-04-20,35,1203
2020-04-17,2020-04-20,37,1240
2020-04-18,2020-04-20,39,1279
2020-04-19,2020-04-20,41,1320
2020-04-20,2020-04-20,42,1362
2020-04-21,2020-04-20,42,1404
2020-04-22,2020-04-20,41,1445
2020-04-23,2020-04-20,40,1485
2020-04-24,2020-04-20,38,1523
2020-04-25,2020-04-20,35,1558
2020-04-26,2020-04-20,32,1590
2020-04-27,2020-04-20,29,1619
2020-04-28,2020-04-20,26,1645
2020-04-29,2020-04-20,23,1668
2020-04-30,2020-04-20,20,1688
2020-05-01,2020-04-20,18,1706
2020-05-02,2020-04-20,15,1721
2020-05-03,2020-04-20,13,1734
2020-05-04,2020-04-20,11,1745
2020-05-05,2020-04-20,9,1754
2020-05-06,2020-04-20,8,1762
2020-05-07,2020-04-20,7,1769
2020-05-08,2020-04-20,6,1775
2020-05-09,2020-04-20,5,1780
2020-05-10,2020-04-20,4,1784
2020-05-11,2020-04-20,3,1787
2020-05-12,2020-04-20,3,1790
2020-05-13,2020-04-20,2,1792
2020-05-14,2020-04-20,2,1794
2020-05-15,2020-04-20,2,1796
2020-05-16,2020-04-20,1,1797
2020-05-17,2020-04-20,1,1798
2020-05-18,2020-04-20,1,1799
2020-05-19,2020-04-20,1,1800
2020-05-20,2020-04-20,1,1801
2020-03-11,2020-04-21,2,3
2020-03-12,2020-04-21,2,5
2020-03-13,2020-04-21,3,8
2020-03-14,2020-04-21,5,13
2020-03-15,2020-04-21,7,20
2020-03-16,2020-04-21,10,30
2020-03-17,2020-04-21,13,43
2020-03-18,2020-04-21,17,60
2020-03-19,2020-04-21,21,81
2020-03-20,2020-04-21,25,106
2020-03-21,2020-04-21,30,136
2020-03-22,2020-04-21,34,170
2020-03-23,2020-04-21,38,208
2020-03-24,2020-04-21,42,250
2020-03-25,2020-04-21,46,296
2020-03-26,2020-04-21,49,345
2020-03-27,2020-04-21,51,396
2020-03-28,2020-04-21,53,449
2020-03-29,2020-04-21,54,503
2020-03-30,2020-04-21,54,557
2020-03-31,2020-04-21,53,610
2020-04-01,2020-04-21,52,662
2020-04-02,2020-04-21,50,712
2020-04-03,2020-04-21,48,760
2020-04-04,2020-04-21,46,806
2020-04-05,2020-04-21,43,849
2020-04-06,2020-04-21,40,889
2020-04-07,2020-04-21,37,926
2020-04-08,2020-04-21,34,960
2020-04-09,2020-04-21,31,991
2020-04-10,2020-04-21,29,1020
2020-04-11,2020-04-21,28,1048
2020-04-12,2020-04-21,27,1075
2020-04-13,2020-04-21,27,1102
2020-04-14,2020-04-21,28,1130
2020-04-15,2020-04-21,29,1159
2020-04-16,2020-04-21,30,1189
2020-04-17,2020-04-21,33,1222
2020-04-18,2020-04-21,35,1257
2020-04-19,2020-04-21,38,1295
2020-04-20,2020-04-21,41,1336
2020-04-21,2020-04-21,44,1380
2020-04-22,2020-04-21,47,1427
2020-04-23,2020-04-21,50,1477
2020-04-24,2020-04-21,52,1529
2020-04-25,2020-04-21,54,1583
2020-04-26,2020-04-21,55,1638
2020-04-27,2020-04-21,55,1693
2020-04-28,2020-04-21,55,1748
2020-04-29,2020-04-21,54,1802
2020-04-30,2020-04-21,53,1855
2020-05-01,2020-04-21,51,1906
2020-05-02,2020-04-21,49,1955
2020-05-03,2020-04-21,46,2001
2020-05-04,2020-04-21,43,2044
2020-05-05,2020-04-21,40,2084
2020-05-06,2020-04-21,37,2121
2020-05-07,2020-04-21,34,2155
2020-05-08,2020-04-21,31,2186
2020-05-09,2020-04-21,28,2214
2020-05-10,2020-04-21,25,2239
2020-05-11,2020-04-21,23,2262
2020-05-12,2020-04-21,20,2282
2020-05-13,2020-04-21,18,2300
2020-05-14,2020-04-21,16,2316
2020-05-15,2020-04-21,14,2330
2020-05-16,2020-04-21,13,2343
2020-05-17,2020-04-21,11,2354
2020-05-18,2020-04-21,10,2364
2020-05-19,2020-04-21,9,2373
2020-05-20,2020-04-21,8,2381
2020-05-21,2020-04-21,7,2388
2020-03-11,2020-04-22,2,3
2020-03-12,2020-04-22,1,4
2020-03-13,2020-04-22,2,6
2020-03-14,2020-04-22,4,10
2020-03-15,2020-04-22,6,16
2020-03-16,2020-04-22,8,24
2020-03-17,2020-04-22,11,35
2020-03-18,2020-04-22,15,50
2020-03-19,2020-04-22,19,69
2020-03-20,2020-04-22,24,93
2020-03-21,2020-04-22,29,122
2020-03-22,2020-04-22,34,156
2020-03-23,2020-04-22,39,195
2020-03-24,2020-04-22,44,239
2020-03-25,2020-04-22,48,287
2020-03-26,2020-04-22,52,339
2020-03-27,2020-04-22,54,393
2020-03-28,2020-04-22,56,449
2020-03-29,2020-04-22,57,506
2020-03-30,2020-04-22,57,563
2020-03-31,2020-04-22,56,619
2020-04-01,2020-04-22,54,673
2020-04-02,2020-04-22,51,724
2020-04-03,2020-04-22,48,772
2020-04-04,2020-04-22,44,816
2020-04-05,2020-04-22,40,856
2020-04-06,2020-04-22,37,893
2020-04-07,2020-04-22,34,927
2020-04-08,2020-04-22,32,959
2020-04-09,2020-04-22,30,989
2020-04-10,2020-04-22,29,1018
2020-04-11,2020-04-22,29,1047
2020-04-12,2020-04-22,29,1076
2020-04-13,2020-04-22,30,1106
2020-04-14,2020-04-22,31,1137
2020-04-15,2020-04-22,33,1170
2020-04-16,2020-04-22,34,1204
2020-04-17,2020-04-22,35,1239
2020-04-18,2020-04-22,36,1275
2020-04-19,2020-04-22,36,1311
2020-04-20,2020-04-22,35,1346
2020-04-21,2020-04-22,33,1379
2020-04-22,2020-04-22,31,1410
2020-04-23,2020-04-22,29,1439
2020-04-24,2020-04-22,26,1465
2020-04-25,2020-04-22,23,1488
2020-04-26,2020-04-22,20,1508
2020-04-27,2020-04-22,18,1526
2020-04-28,2020-04-22,15,1541
2020-04-29,2020-04-22,13,1554
2020-04-30,2020-04-22,11,1565
2020-05-01,2020-04-22,9,1574
2020-05-02,2020-04-22,8,1582
2020-05-03,2020-04-22,6,1588
2020-05-04,2020-04-22,5,1593
2020-05-05,2020-04-22,4,1597
2020-05-06,2020-04-22,4,1601
2020-05-07,2020-04-22,3,1604
2020-05-08,2020-04-22,2,1606
2020-05-09,2020-04-22,2,1608
2020-05-10,2020-04-22,2,1610
2020-05-11,2020-04-22,1,1611
2020-05-12,2020-04-22,1,1612
2020-05-13,2020-04-22,1,1613
2020-05-14,2020-04-22,1,1614
2020-05-15,2020-04-22,1,1615
2020-05-16,2020-04-22,1,1616
2020-05-17,2020-04-22,0,1616
2020-05-18,2020-04-22,0,1616
2020-05-19,2020-04-22,0,1616
2020-05-20,2020-04-22,0,1616
2020-05-21,2020-04-22,0,1616
2020-05-22,2020-04-22,0,1616
2020-03-11,2020-04-23,2,3
2020-03-12,2020-04-23,1,4
2020-03-13,2020-04-23,2,6
2020-03-14,2020-04-23,4,10
2020-03-15,2020-04-23,6,16
2020-03-16,2020-04-23,8,24
2020-03-17,2020-04-23,11,35
2020-03-18,2020-04-23,15,50
2020-03-19,2020-04-23,19,69
2020-03-20,2020-04-23,24,93
2020-03-21,2020-04-23,28,121
2020-03-22,2020-04-23,34,155
2020-03-23,2020-04-23,39,194
2020-03-24,2020-04-23,44,238
2020-03-25,2020-04-23,48,286
2020-03-26,2020-04-23,52,338
2020-03-27,2020-04-23,55,393
2020-03-28,2020-04-23,56,449
2020-03-29,2020-04-23,57,506
2020-03-30,2020-04-23,57,563
2020-03-31,2020-04-23,56,619
2020-04-01,2020-04-23,54,673
2020-04-02,2020-04-23,51,724
2020-04-03,2020-04-23,47,771
2020-04-04,2020-04-23,44,815
2020-04-05,2020-04-23,40,855
2020-04-06,2020-04-23,37,892
2020-04-07,2020-04-23,34,926
2020-04-08,2020-04-23,32,958
2020-04-09,2020-04-23,30,988
2020-04-10,2020-04-23,29,1017
2020-04-11,2020-04-23,29,1046
2020-04-12,2020-04-23,30,1076
2020-04-13,2020-04-23,30,1106
2020-04-14,2020-04-23,32,1138
2020-04-15,2020-04-23,33,1171
2020-04-16,2020-04-23,34,1205
2020-04-17,2020-04-23,34,1239
2020-04-18,2020-04-23,34,1273
2020-04-19,2020-04-23,34,1307
2020-04-20,2020-04-23,32,1339
2020-04-21,2020-04-23,30,1369
2020-04-22,2020-04-23,28,1397
2020-04-23,2020-04-23,25,1422
2020-04-24,2020-04-23,22,1444
2020-04-25,2020-04-23,20,1464
2020-04-26,2020-04-23,17,1481
2020-04-27,2020-04-23,15,1496
2020-04-28,2020-04-23,12,1508
2020-04-29,2020-04-23,10,1518
2020-04-30,2020-04-23,9,1527
2020-05-01,2020-04-23,7,1534
2020-05-02,2020-04-23,6,1540
2020-05-03,2020-04-23,5,1545
2020-05-04,2020-04-23,4,1549
2020-05-05,2020-04-23,3,1552
2020-05-06,2020-04-23,3,1555
2020-05-07,2020-04-23,2,1557
2020-05-08,2020-04-23,2,1559
2020-05-09,2020-04-23,2,1561
2020-05-10,2020-04-23,1,1562
2020-05-11,2020-04-23,1,1563
2020-05-12,2020-04-23,1,1564
2020-05-13,2020-04-23,1,1565
2020-05-14,2020-04-23,1,1566
2020-05-15,2020-04-23,0,1566
2020-05-16,2020-04-23,0,1566
2020-05-17,2020-04-23,0,1566
2020-05-18,2020-04-23,0,1566
2020-05-19,2020-04-23,0,1566
2020-05-20,2020-04-23,0,1566
2020-05-21,2020-04-23,0,1566
2020-05-22,2020-04-23,0,1566
2020-05-23,2020-04-23,0,1566
2020-03-11,2020-04-24,2,3
2020-03-12,2020-04-24,3,6
2020-03-13,2020-04-24,5,11
2020-03-14,2020-04-24,8,19
2020-03-15,2020-04-24,11,30
2020-03-16,2020-04-24,14,44
2020-03-17,2020-04-24,18,62
2020-03-18,2020-04-24,21,83
2020-03-19,2020-04-24,25,108
2020-03-20,2020-04-24,28,136
2020-03-21,2020-04-24,31,167
2020-03-22,2020-04-24,34,201
2020-03-23,2020-04-24,37,238
2020-03-24,2020-04-24,40,278
2020-03-25,2020-04-24,42,320
2020-03-26,2020-04-24,44,364
2020-03-27,2020-04-24,46,410
2020-03-28,2020-04-24,47,457
2020-03-29,2020-04-24,48,505
2020-03-30,2020-04-24,49,554
2020-03-31,2020-04-24,50,604
2020-04-01,2020-04-24,50,654
2020-04-02,2020-04-24,49,703
2020-04-03,2020-04-24,49,752
2020-04-04,2020-04-24,48,800
2020-04-05,2020-04-24,47,847
2020-04-06,2020-04-24,46,893
2020-04-07,2020-04-24,45,938
2020-04-08,2020-04-24,43,981
2020-04-09,2020-04-24,41,1022
2020-04-10,2020-04-24,40,1062
2020-04-11,2020-04-24,38,1100
2020-04-12,2020-04-24,36,1136
2020-04-13,2020-04-24,35,1171
2020-04-14,2020-04-24,33,1204
2020-04-15,2020-04-24,31,1235
2020-04-16,2020-04-24,29,1264
2020-04-17,2020-04-24,28,1292
2020-04-18,2020-04-24,26,1318
2020-04-19,2020-04-24,24,1342
2020-04-20,2020-04-24,23,1365
2020-04-21,2020-04-24,21,1386
2020-04-22,2020-04-24,20,1406
2020-04-23,2020-04-24,19,1425
2020-04-24,2020-04-24,17,1442
2020-04-25,2020-04-24,16,1458
2020-04-26,2020-04-24,15,1473
2020-04-27,2020-04-24,14,1487
2020-04-28,2020-04-24,13,1500
2020-04-29,2020-04-24,12,1512
2020-04-30,2020-04-24,11,1523
2020-05-01,2020-04-24,10,1533
2020-05-02,2020-04-24,9,1542
2020-05-03,2020-04-24,9,1551
2020-05-04,2020-04-24,8,1559
2020-05-05,2020-04-24,7,1566
2020-05-06,2020-04-24,7,1573
2020-05-07,2020-04-24,9,1582
2020-05-08,2020-04-24,11,1593
2020-05-09,2020-04-24,14,1607
2020-05-10,2020-04-24,16,1623
2020-05-11,2020-04-24,19,1642
2020-05-12,2020-04-24,22,1664
2020-05-13,2020-04-24,25,1689
2020-05-14,2020-04-24,28,1717
2020-05-15,2020-04-24,31,1748
2020-05-16,2020-04-24,34,1782
2020-05-17,2020-04-24,37,1819
2020-05-18,2020-04-24,39,1858
2020-05-19,2020-04-24,41,1899
2020-05-20,2020-04-24,43,1942
2020-05-21,2020-04-24,45,1987
2020-05-22,2020-04-24,46,2033
2020-05-23,2020-04-24,47,2080
2020-05-24,2020-04-24,47,2127
2020-03-11,2020-04-25,2,3
2020-03-12,2020-04-25,3,6
2020-03-13,2020-04-25,5,11
2020-03-14,2020-04-25,8,19
2020-03-15,2020-04-25,11,30
2020-03-16,2020-04-25,14,44
2020-03-17,2020-04-25,18,62
2020-03-18,2020-04-25,21,83
2020-03-19,2020-04-25,24,107
2020-03-20,2020-04-25,28,135
2020-03-21,2020-04-25,31,166
2020-03-22,2020-04-25,34,200
2020-03-23,2020-04-25,37,237
2020-03-24,2020-04-25,40,277
2020-03-25,2020-04-25,42,319
2020-03-26,2020-04-25,44,363
2020-03-27,2020-04-25,46,409
2020-03-28,2020-04-25,48,457
2020-03-29,2020-04-25,49,506
2020-03-30,2020-04-25,49,555
2020-03-31,2020-04-25,50,605
2020-04-01,2020-04-25,50,655
2020-04-02,2020-04-25,49,704
2020-04-03,2020-04-25,49,753
2020-04-04,2020-04-25,48,801
2020-04-05,2020-04-25,47,848
2020-04-06,2020-04-25,46,894
2020-04-07,2020-04-25,44,938
2020-04-08,2020-04-25,43,981
2020-04-09,2020-04-25,41,1022
2020-04-10,2020-04-25,40,1062
2020-04-11,2020-04-25,38,1100
2020-04-12,2020-04-25,36,1136
2020-04-13,2020-04-25,34,1170
2020-04-14,2020-04-25,32,1202
2020-04-15,2020-04-25,31,1233
2020-04-16,2020-04-25,29,1262
2020-04-17,2020-04-25,27,1289
2020-04-18,2020-04-25,26,1315
2020-04-19,2020-04-25,24,1339
2020-04-20,2020-04-25,22,1361
2020-04-21,2020-04-25,21,1382
2020-04-22,2020-04-25,20,1402
2020-04-23,2020-04-25,18,1420
2020-04-24,2020-04-25,17,1437
2020-04-25,2020-04-25,16,1453
2020-04-26,2020-04-25,15,1468
2020-04-27,2020-04-25,14,1482
2020-04-28,2020-04-25,13,1495
2020-04-29,2020-04-25,15,1510
2020-04-30,2020-04-25,16,1526
2020-05-01,2020-04-25,18,1544
2020-05-02,2020-04-25,21,1565
2020-05-03,2020-04-25,23,1588
2020-05-04,2020-04-25,26,1614
2020-05-05,2020-04-25,29,1643
2020-05-06,2020-04-25,32,1675
2020-05-07,2020-04-25,34,1709
2020-05-08,2020-04-25,37,1746
2020-05-09,2020-04-25,40,1786
2020-05-10,2020-04-25,42,1828
2020-05-11,2020-04-25,44,1872
2020-05-12,2020-04-25,46,1918
2020-05-13,2020-04-25,47,1965
2020-05-14,2020-04-25,49,2014
2020-05-15,2020-04-25,49,2063
2020-05-16,2020-04-25,50,2113
2020-05-17,2020-04-25,50,2163
2020-05-18,2020-04-25,50,2213
2020-05-19,2020-04-25,50,2263
2020-05-20,2020-04-25,49,2312
2020-05-21,2020-04-25,48,2360
2020-05-22,2020-04-25,47,2407
2020-05-23,2020-04-25,45,2452
2020-05-24,2020-04-25,44,2496
2020-05-25,2020-04-25,42,2538
2020-03-11,2020-04-26,2,3
2020-03-12,2020-04-26,3,6
2020-03-13,2020-04-26,5,11
2020-03-14,2020-04-26,8,19
2020-03-15,2020-04-26,11,30
2020-03-16,2020-04-26,14,44
2020-03-17,2020-04-26,17,61
2020-03-18,2020-04-26,21,82
2020-03-19,2020-04-26,24,106
2020-03-20,2020-04-26,28,134
2020-03-21,2020-04-26,31,165
2020-03-22,2020-04-26,34,199
2020-03-23,2020-04-26,37,236
2020-03-24,2020-04-26,40,276
2020-03-25,2020-04-26,42,318
2020-03-26,2020-04-26,44,362
2020-03-27,2020-04-26,46,408
2020-03-28,2020-04-26,48,456
2020-03-29,2020-04-26,49,505
2020-03-30,2020-04-26,49,554
2020-03-31,2020-04-26,50,604
2020-04-01,2020-04-26,50,654
2020-04-02,2020-04-26,50,704
2020-04-03,2020-04-26,49,753
2020-04-04,2020-04-26,48,801
2020-04-05,2020-04-26,47,848
2020-04-06,2020-04-26,46,894
2020-04-07,2020-04-26,44,938
2020-04-08,2020-04-26,43,981
2020-04-09,2020-04-26,41,1022
2020-04-10,2020-04-26,40,1062
2020-04-11,2020-04-26,38,1100
2020-04-12,2020-04-26,36,1136
2020-04-13,2020-04-26,34,1170
2020-04-14,2020-04-26,32,1202
2020-04-15,2020-04-26,30,1232
2020-04-16,2020-04-26,29,1261
2020-04-17,2020-04-26,27,1288
2020-04-18,2020-04-26,25,1313
2020-04-19,2020-04-26,24,1337
2020-04-20,2020-04-26,22,1359
2020-04-21,2020-04-26,21,1380
2020-04-22,2020-04-26,19,1399
2020-04-23,2020-04-26,18,1417
2020-04-24,2020-04-26,17,1434
2020-04-25,2020-04-26,15,1449
2020-04-26,2020-04-26,14,1463
2020-04-27,2020-04-26,13,1476
2020-04-28,2020-04-26,12,1488
2020-04-29,2020-04-26,11,1499
2020-04-30,2020-04-26,11,1510
2020-05-01,2020-04-26,10,1520
2020-05-02,2020-04-26,9,1529
2020-05-03,2020-04-26,8,1537
2020-05-04,2020-04-26,8,1545
2020-05-05,2020-04-26,7,1552
2020-05-06,2020-04-26,6,1558
2020-05-07,2020-04-26,6,1564
2020-05-08,2020-04-26,5,1569
2020-05-09,2020-04-26,5,1574
2020-05-10,2020-04-26,5,1579
2020-05-11,2020-04-26,4,1583
2020-05-12,2020-04-26,4,1587
2020-05-13,2020-04-26,4,1591
2020-05-14,2020-04-26,3,1594
2020-05-15,2020-04-26,3,1597
2020-05-16,2020-04-26,3,1600
2020-05-17,2020-04-26,3,1603
2020-05-18,2020-04-26,2,1605
2020-05-19,2020-04-26,2,1607
2020-05-20,2020-04-26,2,1609
2020-05-21,2020-04-26,2,1611
2020-05-22,2020-04-26,2,1613
2020-05-23,2020-04-26,2,1615
2020-05-24,2020-04-26,1,1616
2020-05-25,2020-04-26,1,1617
2020-05-26,2020-04-26,1,1618
2020-03-11,2020-04-27,2,3
2020-03-12,2020-04-27,3,6
2020-03-13,2020-04-27,5,11
2020-03-14,2020-04-27,8,19
2020-03-15,2020-04-27,11,30
2020-03-16,2020-04-27,14,44
2020-03-17,2020-04-27,17,61
2020-03-18,2020-04-27,21,82
2020-03-19,2020-04-27,24,106
2020-03-20,2020-04-27,28,134
2020-03-21,2020-04-27,31,165
2020-03-22,2020-04-27,34,199
2020-03-23,2020-04-27,37,236
2020-03-24,2020-04-27,40,276
2020-03-25,2020-04-27,43,319
2020-03-26,2020-04-27,45,364
2020-03-27,2020-04-27,46,410
2020-03-28,2020-04-27,48,458
2020-03-29,2020-04-27,49,507
2020-03-30,2020-04-27,50,557
2020-03-31,2020-04-27,50,607
2020-04-01,2020-04-27,50,657
2020-04-02,2020-04-27,50,707
2020-04-03,2020-04-27,49,756
2020-04-04,2020-04-27,48,804
2020-04-05,2020-04-27,47,851
2020-04-06,2020-04-27,46,897
2020-04-07,2020-04-27,44,941
2020-04-08,2020-04-27,43,984
2020-04-09,2020-04-27,41,1025
2020-04-10,2020-04-27,39,1064
2020-04-11,2020-04-27,37,1101
2020-04-12,2020-04-27,36,1137
2020-04-13,2020-04-27,34,1171
2020-04-14,2020-04-27,32,1203
2020-04-15,2020-04-27,30,1233
2020-04-16,2020-04-27,28,1261
2020-04-17,2020-04-27,27,1288
2020-04-18,2020-04-27,25,1313
2020-04-19,2020-04-27,23,1336
2020-04-20,2020-04-27,22,1358
2020-04-21,2020-04-27,20,1378
2020-04-22,2020-04-27,19,1397
2020-04-23,2020-04-27,17,1414
2020-04-24,2020-04-27,16,1430
2020-04-25,2020-04-27,15,1445
2020-04-26,2020-04-27,14,1459
2020-04-27,2020-04-27,13,1472
2020-04-28,2020-04-27,12,1484
2020-04-29,2020-04-27,11,1495
2020-04-30,2020-04-27,10,1505
2020-05-01,2020-04-27,9,1514
2020-05-02,2020-04-27,9,1523
2020-05-03,2020-04-27,8,1531
2020-05-04,2020-04-27,7,1538
2020-05-05,2020-04-27,7,1545
2020-05-06,2020-04-27,6,1551
2020-05-07,2020-04-27,6,1557
2020-05-08,2020-04-27,5,1562
2020-05-09,2020-04-27,5,1567
2020-05-10,2020-04-27,4,1571
2020-05-11,2020-04-27,4,1575
2020-05-12,2020-04-27,4,1579
2020-05-13,2020-04-27,3,1582
2020-05-14,2020-04-27,3,1585
2020-05-15,2020-04-27,3,1588
2020-05-16,2020-04-27,3,1591
2020-05-17,2020-04-27,2,1593
2020-05-18,2020-04-27,2,1595
2020-05-19,2020-04-27,2,1597
2020-05-20,2020-04-27,2,1599
2020-05-21,2020-04-27,2,1601
2020-05-22,2020-04-27,2,1603
2020-05-23,2020-04-27,1,1604
2020-05-24,2020-04-27,1,1605
2020-05-25,2020-04-27,1,1606
2020-05-26,2020-04-27,1,1607
2020-05-27,2020-04-27,1,1608
2020-03-11,2020-04-28,2,3
2020-03-12,2020-04-28,3,6
2020-03-13,2020-04-28,5,11
2020-03-14,2020-04-28,8,19
2020-03-15,2020-04-28,11,30
2020-03-16,2020-04-28,14,44
2020-03-17,2020-04-28,18,62
2020-03-18,2020-04-28,21,83
2020-03-19,2020-04-28,25,108
2020-03-20,2020-04-28,28,136
2020-03-21,2020-04-28,31,167
2020-03-22,2020-04-28,34,201
2020-03-23,2020-04-28,37,238
2020-03-24,2020-04-28,40,278
2020-03-25,2020-04-28,42,320
2020-03-26,2020-04-28,44,364
2020-03-27,2020-04-28,46,410
2020-03-28,2020-04-28,48,458
2020-03-29,2020-04-28,49,507
2020-03-30,2020-04-28,49,556
2020-03-31,2020-04-28,50,606
2020-04-01,2020-04-28,50,656
2020-04-02,2020-04-28,49,705
2020-04-03,2020-04-28,49,754
2020-04-04,2020-04-28,48,802
2020-04-05,2020-04-28,47,849
2020-04-06,2020-04-28,46,895
2020-04-07,2020-04-28,44,939
2020-04-08,2020-04-28,43,982
2020-04-09,2020-04-28,41,1023
2020-04-10,2020-04-28,40,1063
2020-04-11,2020-04-28,38,1101
2020-04-12,2020-04-28,36,1137
2020-04-13,2020-04-28,34,1171
2020-04-14,2020-04-28,32,1203
2020-04-15,2020-04-28,31,1234
2020-04-16,2020-04-28,29,1263
2020-04-17,2020-04-28,27,1290
2020-04-18,2020-04-28,26,1316
2020-04-19,2020-04-28,24,1340
2020-04-20,2020-04-28,22,1362
2020-04-21,2020-04-28,21,1383
2020-04-22,2020-04-28,20,1403
2020-04-23,2020-04-28,18,1421
2020-04-24,2020-04-28,17,1438
2020-04-25,2020-04-28,16,1454
2020-04-26,2020-04-28,15,1469
2020-04-27,2020-04-28,15,1484
2020-04-28,2020-04-28,17,1501
2020-04-29,2020-04-28,19,1520
2020-04-30,2020-04-28,21,1541
2020-05-01,2020-04-28,23,1564
2020-05-02,2020-04-28,26,1590
2020-05-03,2020-04-28,28,1618
2020-05-04,2020-04-28,31,1649
2020-05-05,2020-04-28,33,1682
2020-05-06,2020-04-28,35,1717
2020-05-07,2020-04-28,37,1754
2020-05-08,2020-04-28,39,1793
2020-05-09,2020-04-28,40,1833
2020-05-10,2020-04-28,41,1874
2020-05-11,2020-04-28,42,1916
2020-05-12,2020-04-28,42,1958
2020-05-13,2020-04-28,42,2000
2020-05-14,2020-04-28,41,2041
2020-05-15,2020-04-28,41,2082
2020-05-16,2020-04-28,40,2122
2020-05-17,2020-04-28,39,2161
2020-05-18,2020-04-28,37,2198
2020-05-19,2020-04-28,36,2234
2020-05-20,2020-04-28,34,2268
2020-05-21,2020-04-28,32,2300
2020-05-22,2020-04-28,31,2331
2020-05-23,2020-04-28,29,2360
2020-05-24,2020-04-28,27,2387
2020-05-25,2020-04-28,25,2412
2020-05-26,2020-04-28,23,2435
2020-05-27,2020-04-28,22,2457
2020-05-28,2020-04-28,20,2477
2020-03-11,2020-04-29,2,3
2020-03-12,2020-04-29,1,4
2020-03-13,2020-04-29,2,6
2020-03-14,2020-04-29,4,10
2020-03-15,2020-04-29,6,16
2020-03-16,2020-04-29,8,24
2020-03-17,2020-04-29,11,35
2020-03-18,2020-04-29,15,50
2020-03-19,2020-04-29,19,69
2020-03-20,2020-04-29,24,93
2020-03-21,2020-04-29,29,122
2020-03-22,2020-04-29,34,156
2020-03-23,2020-04-29,39,195
2020-03-24,2020-04-29,44,239
2020-03-25,2020-04-29,48,287
2020-03-26,2020-04-29,52,339
2020-03-27,2020-04-29,55,394
2020-03-28,2020-04-29,57,451
2020-03-29,2020-04-29,57,508
2020-03-30,2020-04-29,57,565
2020-03-31,2020-04-29,56,621
2020-04-01,2020-04-29,54,675
2020-04-02,2020-04-29,51,726
2020-04-03,2020-04-29,47,773
2020-04-04,2020-04-29,44,817
2020-04-05,2020-04-29,40,857
2020-04-06,2020-04-29,37,894
2020-04-07,2020-04-29,34,928
2020-04-08,2020-04-29,32,960
2020-04-09,2020-04-29,31,991
2020-04-10,2020-04-29,30,1021
2020-04-11,2020-04-29,29,1050
2020-04-12,2020-04-29,30,1080
2020-04-13,2020-04-29,31,1111
2020-04-14,2020-04-29,32,1143
2020-04-15,2020-04-29,33,1176
2020-04-16,2020-04-29,33,1209
2020-04-17,2020-04-29,34,1243
2020-04-18,2020-04-29,34,1277
2020-04-19,2020-04-29,33,1310
2020-04-20,2020-04-29,31,1341
2020-04-21,2020-04-29,29,1370
2020-04-22,2020-04-29,27,1397
2020-04-23,2020-04-29,24,1421
2020-04-24,2020-04-29,21,1442
2020-04-25,2020-04-29,18,1460
2020-04-26,2020-04-29,16,1476
2020-04-27,2020-04-29,14,1490
2020-04-28,2020-04-29,11,1501
2020-04-29,2020-04-29,10,1511
2020-04-30,2020-04-29,8,1519
2020-05-01,2020-04-29,7,1526
2020-05-02,2020-04-29,5,1531
2020-05-03,2020-04-29,5,1536
2020-05-04,2020-04-29,4,1540
2020-05-05,2020-04-29,3,1543
2020-05-06,2020-04-29,2,1545
2020-05-07,2020-04-29,2,1547
2020-05-08,2020-04-29,2,1549
2020-05-09,2020-04-29,1,1550
2020-05-10,2020-04-29,1,1551
2020-05-11,2020-04-29,1,1552
2020-05-12,2020-04-29,1,1553
2020-05-13,2020-04-29,1,1554
2020-05-14,2020-04-29,0,1554
2020-05-15,2020-04-29,0,1554
2020-05-16,2020-04-29,0,1554
2020-05-17,2020-04-29,0,1554
2020-05-18,2020-04-29,0,1554
2020-05-19,2020-04-29,0,1554
2020-05-20,2020-04-29,0,1554
2020-05-21,2020-04-29,0,1554
2020-05-22,2020-04-29,0,1554
2020-05-23,2020-04-29,0,1554
2020-05-24,2020-04-29,0,1554
2020-05-25,2020-04-29,0,1554
2020-05-26,2020-04-29,0,1554
2020-05-27,2020-04-29,0,1554
2020-05-28,2020-04-29,0,1554
2020-05-29,2020-04-29,0,1554
2020-03-11,2020-04-30,2,3
2020-03-12,2020-04-30,3,6
2020-03-13,2020-04-30,5,11
2020-03-14,2020-04-30,8,19
2020-03-15,2020-04-30,11,30
2020-03-16,2020-04-30,14,44
2020-03-17,2020-04-30,17,61
2020-03-18,2020-04-30,21,82
2020-03-19,2020-04-30,24,106
2020-03-20,2020-04-30,28,134
2020-03-21,2020-04-30,31,165
2020-03-22,2020-04-30,34,199
2020-03-23,2020-04-30,37,236
2020-03-24,2020-04-30,40,276
2020-03-25,2020-04-30,42,318
2020-03-26,2020-04-30,44,362
2020-03-27,2020-04-30,46,408
2020-03-28,2020-04-30,48,456
2020-03-29,2020-04-30,49,505
2020-03-30,2020-04-30,49,554
2020-03-31,2020-04-30,50,604
2020-04-01,2020-04-30,50,654
2020-04-02,2020-04-30,50,704
2020-04-03,2020-04-30,49,753
2020-04-04,2020-04-30,48,801
2020-04-05,2020-04-30,47,848
2020-04-06,2020-04-30,46,894
2020-04-07,2020-04-30,44,938
2020-04-08,2020-04-30,43,981
2020-04-09,2020-04-30,41,1022
2020-04-10,2020-04-30,40,1062
2020-04-11,2020-04-30,38,1100
2020-04-12,2020-04-30,36,1136
2020-04-13,2020-04-30,34,1170
2020-04-14,2020-04-30,32,1202
2020-04-15,2020-04-30,30,1232
2020-04-16,2020-04-30,29,1261
2020-04-17,2020-04-30,27,1288
2020-04-18,2020-04-30,25,1313
2020-04-19,2020-04-30,24,1337
2020-04-20,2020-04-30,22,1359
2020-04-21,2020-04-30,21,1380
2020-04-22,2020-04-30,19,1399
2020-04-23,2020-04-30,18,1417
2020-04-24,2020-04-30,17,1434
2020-04-25,2020-04-30,15,1449
2020-04-26,2020-04-30,14,1463
2020-04-27,2020-04-30,13,1476
2020-04-28,2020-04-30,15,1491
2020-04-29,2020-04-30,16,1507
2020-04-30,2020-04-30,18,1525
2020-05-01,2020-04-30,20,1545
2020-05-02,2020-04-30,22,1567
2020-05-03,2020-04-30,25,1592
2020-05-04,2020-04-30,27,1619
2020-05-05,2020-04-30,29,1648
2020-05-06,2020-04-30,32,1680
2020-05-07,2020-04-30,34,1714
2020-05-08,2020-04-30,35,1749
2020-05-09,2020-04-30,36,1785
2020-05-10,2020-04-30,37,1822
2020-05-11,2020-04-30,38,1860
2020-05-12,2020-04-30,38,1898
2020-05-13,2020-04-30,38,1936
2020-05-14,2020-04-30,37,1973
2020-05-15,2020-04-30,36,2009
2020-05-16,2020-04-30,35,2044
2020-05-17,2020-04-30,34,2078
2020-05-18,2020-04-30,33,2111
2020-05-19,2020-04-30,31,2142
2020-05-20,2020-04-30,29,2171
2020-05-21,2020-04-30,27,2198
2020-05-22,2020-04-30,26,2224
2020-05-23,2020-04-30,24,2248
2020-05-24,2020-04-30,22,2270
2020-05-25,2020-04-30,21,2291
2020-05-26,2020-04-30,19,2310
2020-05-27,2020-04-30,17,2327
2020-05-28,2020-04-30,16,2343
2020-05-29,2020-04-30,15,2358
2020-05-30,2020-04-30,13,2371
2020-03-11,2020-05-01,2,3
2020-03-12,2020-05-01,3,6
2020-03-13,2020-05-01,5,11
2020-03-14,2020-05-01,8,19
2020-03-15,2020-05-01,11,30
2020-03-16,2020-05-01,14,44
2020-03-17,2020-05-01,18,62
2020-03-18,2020-05-01,21,83
2020-03-19,2020-05-01,25,108
2020-03-20,2020-05-01,28,136
2020-03-21,2020-05-01,31,167
2020-03-22,2020-05-01,34,201
2020-03-23,2020-05-01,37,238
2020-03-24,2020-05-01,40,278
2020-03-25,2020-05-01,42,320
2020-03-26,2020-05-01,44,364
2020-03-27,2020-05-01,46,410
2020-03-28,2020-05-01,47,457
2020-03-29,2020-05-01,48,505
2020-03-30,2020-05-01,49,554
2020-03-31,2020-05-01,50,604
2020-04-01,2020-05-01,50,654
2020-04-02,2020-05-01,49,703
2020-04-03,2020-05-01,49,752
2020-04-04,2020-05-01,48,800
2020-04-05,2020-05-01,47,847
2020-04-06,2020-05-01,46,893
2020-04-07,2020-05-01,44,937
2020-04-08,2020-05-01,43,980
2020-04-09,2020-05-01,41,1021
2020-04-10,2020-05-01,40,1061
2020-04-11,2020-05-01,38,1099
2020-04-12,2020-05-01,36,1135
2020-04-13,2020-05-01,34,1169
2020-04-14,2020-05-01,33,1202
2020-04-15,2020-05-01,31,1233
2020-04-16,2020-05-01,29,1262
2020-04-17,2020-05-01,27,1289
2020-04-18,2020-05-01,26,1315
2020-04-19,2020-05-01,24,1339
2020-04-20,2020-05-01,23,1362
2020-04-21,2020-05-01,21,1383
2020-04-22,2020-05-01,20,1403
2020-04-23,2020-05-01,18,1421
2020-04-24,2020-05-01,17,1438
2020-04-25,2020-05-01,16,1454
2020-04-26,2020-05-01,15,1469
2020-04-27,2020-05-01,14,1483
2020-04-28,2020-05-01,13,1496
2020-04-29,2020-05-01,12,1508
2020-04-30,2020-05-01,11,1519
2020-05-01,2020-05-01,10,1529
2020-05-02,2020-05-01,9,1538
2020-05-03,2020-05-01,9,1547
2020-05-04,2020-05-01,8,1555
2020-05-05,2020-05-01,7,1562
2020-05-06,2020-05-01,7,1569
2020-05-07,2020-05-01,6,1575
2020-05-08,2020-05-01,6,1581
2020-05-09,2020-05-01,5,1586
2020-05-10,2020-05-01,5,1591
2020-05-11,2020-05-01,5,1596
2020-05-12,2020-05-01,4,1600
2020-05-13,2020-05-01,4,1604
2020-05-14,2020-05-01,4,1608
2020-05-15,2020-05-01,3,1611
2020-05-16,2020-05-01,3,1614
2020-05-17,2020-05-01,3,1617
2020-05-18,2020-05-01,3,1620
2020-05-19,2020-05-01,2,1622
2020-05-20,2020-05-01,2,1624
2020-05-21,2020-05-01,2,1626
2020-05-22,2020-05-01,2,1628
2020-05-23,2020-05-01,2,1630
2020-05-24,2020-05-01,2,1632
2020-05-25,2020-05-01,1,1633
2020-05-26,2020-05-01,1,1634
2020-05-27,2020-05-01,1,1635
2020-05-28,2020-05-01,1,1636
2020-05-29,2020-05-01,1,1637
2020-05-30,2020-05-01,1,1638
2020-05-31,2020-05-01,1,1639
2020-03-11,2020-05-02,2,3
2020-03-12,2020-05-02,3,6
2020-03-13,2020-05-02,5,11
2020-03-14,2020-05-02,8,19
2020-03-15,2020-05-02,11,30
2020-03-16,2020-05-02,14,44
2020-03-17,2020-05-02,18,62
2020-03-18,2020-05-02,21,83
2020-03-19,2020-05-02,24,107
2020-03-20,2020-05-02,28,135
2020-03-21,2020-05-02,31,166
2020-03-22,2020-05-02,34,200
2020-03-23,2020-05-02,37,237
2020-03-24,2020-05-02,40,277
2020-03-25,2020-05-02,42,319
2020-03-26,2020-05-02,44,363
2020-03-27,2020-05-02,46,409
2020-03-28,2020-05-02,48,457
2020-03-29,2020-05-02,49,506
2020-03-30,2020-05-02,49,555
2020-03-31,2020-05-02,50,605
2020-04-01,2020-05-02,50,655
2020-04-02,2020-05-02,49,704
2020-04-03,2020-05-02,49,753
2020-04-04,2020-05-02,48,801
2020-04-05,2020-05-02,47,848
2020-04-06,2020-05-02,46,894
2020-04-07,2020-05-02,44,938
2020-04-08,2020-05-02,43,981
2020-04-09,2020-05-02,41,1022
2020-04-10,2020-05-02,40,1062
2020-04-11,2020-05-02,38,1100
2020-04-12,2020-05-02,36,1136
2020-04-13,2020-05-02,34,1170
2020-04-14,2020-05-02,32,1202
2020-04-15,2020-05-02,31,1233
2020-04-16,2020-05-02,29,1262
2020-04-17,2020-05-02,27,1289
2020-04-18,2020-05-02,26,1315
2020-04-19,2020-05-02,24,1339
2020-04-20,2020-05-02,22,1361
2020-04-21,2020-05-02,21,1382
2020-04-22,2020-05-02,20,1402
2020-04-23,2020-05-02,18,1420
2020-04-24,2020-05-02,17,1437
2020-04-25,2020-05-02,16,1453
2020-04-26,2020-05-02,15,1468
2020-04-27,2020-05-02,14,1482
2020-04-28,2020-05-02,13,1495
2020-04-29,2020-05-02,12,1507
2020-04-30,2020-05-02,11,1518
2020-05-01,2020-05-02,10,1528
2020-05-02,2020-05-02,9,1537
2020-05-03,2020-05-02,8,1545
2020-05-04,2020-05-02,8,1553
2020-05-05,2020-05-02,7,1560
2020-05-06,2020-05-02,7,1567
2020-05-07,2020-05-02,6,1573
2020-05-08,2020-05-02,6,1579
2020-05-09,2020-05-02,5,1584
2020-05-10,2020-05-02,5,1589
2020-05-11,2020-05-02,4,1593
2020-05-12,2020-05-02,4,1597
2020-05-13,2020-05-02,4,1601
2020-05-14,2020-05-02,3,1604
2020-05-15,2020-05-02,3,1607
2020-05-16,2020-05-02,3,1610
2020-05-17,2020-05-02,3,1613
2020-05-18,2020-05-02,2,1615
2020-05-19,2020-05-02,2,1617
2020-05-20,2020-05-02,2,1619
2020-05-21,2020-05-02,2,1621
2020-05-22,2020-05-02,2,1623
2020-05-23,2020-05-02,2,1625
2020-05-24,2020-05-02,1,1626
2020-05-25,2020-05-02,1,1627
2020-05-26,2020-05-02,1,1628
2020-05-27,2020-05-02,1,1629
2020-05-28,2020-05-02,1,1630
2020-05-29,2020-05-02,1,1631
2020-05-30,2020-05-02,1,1632
2020-05-31,2020-05-02,1,1633
2020-06-01,2020-05-02,1,1634
2020-03-11,2020-05-03,2,3
2020-03-12,2020-05-03,3,6
2020-03-13,2020-05-03,5,11
2020-03-14,2020-05-03,8,19
2020-03-15,2020-05-03,11,30
2020-03-16,2020-05-03,14,44
2020-03-17,2020-05-03,18,62
2020-03-18,2020-05-03,21,83
2020-03-19,2020-05-03,24,107
2020-03-20,2020-05-03,28,135
2020-03-21,2020-05-03,31,166
2020-03-22,2020-05-03,34,200
2020-03-23,2020-05-03,37,237
2020-03-24,2020-05-03,40,277
2020-03-25,2020-05-03,42,319
2020-03-26,2020-05-03,44,363
2020-03-27,2020-05-03,46,409
2020-03-28,2020-05-03,48,457
2020-03-29,2020-05-03,49,506
2020-03-30,2020-05-03,49,555
2020-03-31,2020-05-03,50,605
2020-04-01,2020-05-03,50,655
2020-04-02,2020-05-03,49,704
2020-04-03,2020-05-03,49,753
2020-04-04,2020-05-03,48,801
2020-04-05,2020-05-03,47,848
2020-04-06,2020-05-03,46,894
2020-04-07,2020-05-03,44,938
2020-04-08,2020-05-03,43,981
2020-04-09,2020-05-03,41,1022
2020-04-10,2020-05-03,40,1062
2020-04-11,2020-05-03,38,1100
2020-04-12,2020-05-03,36,1136
2020-04-13,2020-05-03,34,1170
2020-04-14,2020-05-03,33,1203
2020-04-15,2020-05-03,31,1234
2020-04-16,2020-05-03,29,1263
2020-04-17,2020-05-03,27,1290
2020-04-18,2020-05-03,26,1316
2020-04-19,2020-05-03,24,1340
2020-04-20,2020-05-03,22,1362
2020-04-21,2020-05-03,21,1383
2020-04-22,2020-05-03,20,1403
2020-04-23,2020-05-03,18,1421
2020-04-24,2020-05-03,17,1438
2020-04-25,2020-05-03,16,1454
2020-04-26,2020-05-03,15,1469
2020-04-27,2020-05-03,14,1483
2020-04-28,2020-05-03,13,1496
2020-04-29,2020-05-03,12,1508
2020-04-30,2020-05-03,11,1519
2020-05-01,2020-05-03,10,1529
2020-05-02,2020-05-03,9,1538
2020-05-03,2020-05-03,8,1546
2020-05-04,2020-05-03,8,1554
2020-05-05,2020-05-03,7,1561
2020-05-06,2020-05-03,7,1568
2020-05-07,2020-05-03,6,1574
2020-05-08,2020-05-03,6,1580
2020-05-09,2020-05-03,5,1585
2020-05-10,2020-05-03,5,1590
2020-05-11,2020-05-03,4,1594
2020-05-12,2020-05-03,4,1598
2020-05-13,2020-05-03,4,1602
2020-05-14,2020-05-03,3,1605
2020-05-15,2020-05-03,3,1608
2020-05-16,2020-05-03,3,1611
2020-05-17,2020-05-03,3,1614
2020-05-18,2020-05-03,2,1616
2020-05-19,2020-05-03,2,1618
2020-05-20,2020-05-03,2,1620
2020-05-21,2020-05-03,2,1622
2020-05-22,2020-05-03,2,1624
2020-05-23,2020-05-03,2,1626
2020-05-24,2020-05-03,1,1627
2020-05-25,2020-05-03,1,1628
2020-05-26,2020-05-03,1,1629
2020-05-27,2020-05-03,1,1630
2020-05-28,2020-05-03,1,1631
2020-05-29,2020-05-03,1,1632
2020-05-30,2020-05-03,1,1633
2020-05-31,2020-05-03,1,1634
2020-06-01,2020-05-03,1,1635
2020-06-02,2020-05-03,1,1636
2020-03-11,2020-05-04,2,3
2020-03-12,2020-05-04,3,6
2020-03-13,2020-05-04,5,11
2020-03-14,2020-05-04,8,19
2020-03-15,2020-05-04,11,30
2020-03-16,2020-05-04,14,44
2020-03-17,2020-05-04,17,61
2020-03-18,2020-05-04,21,82
2020-03-19,2020-05-04,24,106
2020-03-20,2020-05-04,28,134
2020-03-21,2020-05-04,31,165
2020-03-22,2020-05-04,34,199
2020-03-23,2020-05-04,37,236
2020-03-24,2020-05-04,40,276
2020-03-25,2020-05-04,42,318
2020-03-26,2020-05-04,44,362
2020-03-27,2020-05-04,46,408
2020-03-28,2020-05-04,48,456
2020-03-29,2020-05-04,49,505
2020-03-30,2020-05-04,49,554
2020-03-31,2020-05-04,50,604
2020-04-01,2020-05-04,50,654
2020-04-02,2020-05-04,49,703
2020-04-03,2020-05-04,49,752
2020-04-04,2020-05-04,48,800
2020-04-05,2020-05-04,47,847
2020-04-06,2020-05-04,46,893
2020-04-07,2020-05-04,44,937
2020-04-08,2020-05-04,43,980
2020-04-09,2020-05-04,41,1021
2020-04-10,2020-05-04,40,1061
2020-04-11,2020-05-04,38,1099
2020-04-12,2020-05-04,36,1135
2020-04-13,2020-05-04,34,1169
2020-04-14,2020-05-04,32,1201
2020-04-15,2020-05-04,31,1232
2020-04-16,2020-05-04,29,1261
2020-04-17,2020-05-04,27,1288
2020-04-18,2020-05-04,25,1313
2020-04-19,2020-05-04,24,1337
2020-04-20,2020-05-04,22,1359
2020-04-21,2020-05-04,21,1380
2020-04-22,2020-05-04,19,1399
2020-04-23,2020-05-04,18,1417
2020-04-24,2020-05-04,17,1434
2020-04-25,2020-05-04,16,1450
2020-04-26,2020-05-04,14,1464
2020-04-27,2020-05-04,13,1477
2020-04-28,2020-05-04,12,1489
2020-04-29,2020-05-04,12,1501
2020-04-30,2020-05-04,11,1512
2020-05-01,2020-05-04,10,1522
2020-05-02,2020-05-04,9,1531
2020-05-03,2020-05-04,8,1539
2020-05-04,2020-05-04,8,1547
2020-05-05,2020-05-04,7,1554
2020-05-06,2020-05-04,7,1561
2020-05-07,2020-05-04,6,1567
2020-05-08,2020-05-04,6,1573
2020-05-09,2020-05-04,5,1578
2020-05-10,2020-05-04,5,1583
2020-05-11,2020-05-04,4,1587
2020-05-12,2020-05-04,4,1591
2020-05-13,2020-05-04,4,1595
2020-05-14,2020-05-04,3,1598
2020-05-15,2020-05-04,3,1601
2020-05-16,2020-05-04,3,1604
2020-05-17,2020-05-04,3,1607
2020-05-18,2020-05-04,2,1609
2020-05-19,2020-05-04,2,1611
2020-05-20,2020-05-04,2,1613
2020-05-21,2020-05-04,2,1615
2020-05-22,2020-05-04,2,1617
2020-05-23,2020-05-04,2,1619
2020-05-24,2020-05-04,1,1620
2020-05-25,2020-05-04,1,1621
2020-05-26,2020-05-04,1,1622
2020-05-27,2020-05-04,1,1623
2020-05-28,2020-05-04,1,1624
2020-05-29,2020-05-04,1,1625
2020-05-30,2020-05-04,1,1626
2020-05-31,2020-05-04,1,1627
2020-06-01,2020-05-04,1,1628
2020-06-02,2020-05-04,1,1629
2020-06-03,2020-05-04,1,1630
2020-03-11,2020-05-05,2,3
2020-03-12,2020-05-05,3,6
2020-03-13,2020-05-05,5,11
2020-03-14,2020-05-05,8,19
2020-03-15,2020-05-05,11,30
2020-03-16,2020-05-05,14,44
2020-03-17,2020-05-05,17,61
2020-03-18,2020-05-05,21,82
2020-03-19,2020-05-05,24,106
2020-03-20,2020-05-05,28,134
2020-03-21,2020-05-05,31,165
2020-03-22,2020-05-05,34,199
2020-03-23,2020-05-05,37,236
2020-03-24,2020-05-05,40,276
2020-03-25,2020-05-05,42,318
2020-03-26,2020-05-05,44,362
2020-03-27,2020-05-05,46,408
2020-03-28,2020-05-05,48,456
2020-03-29,2020-05-05,49,505
2020-03-30,2020-05-05,49,554
2020-03-31,2020-05-05,50,604
2020-04-01,2020-05-05,50,654
2020-04-02,2020-05-05,50,704
2020-04-03,2020-05-05,49,753
2020-04-04,2020-05-05,48,801
2020-04-05,2020-05-05,47,848
2020-04-06,2020-05-05,46,894
2020-04-07,2020-05-05,44,938
2020-04-08,2020-05-05,43,981
2020-04-09,2020-05-05,41,1022
2020-04-10,2020-05-05,40,1062
2020-04-11,2020-05-05,38,1100
2020-04-12,2020-05-05,36,1136
2020-04-13,2020-05-05,34,1170
2020-04-14,2020-05-05,32,1202
2020-04-15,2020-05-05,31,1233
2020-04-16,2020-05-05,29,1262
2020-04-17,2020-05-05,27,1289
2020-04-18,2020-05-05,25,1314
2020-04-19,2020-05-05,24,1338
2020-04-20,2020-05-05,22,1360
2020-04-21,2020-05-05,21,1381
2020-04-22,2020-05-05,19,1400
2020-04-23,2020-05-05,18,1418
2020-04-24,2020-05-05,17,1435
2020-04-25,2020-05-05,16,1451
2020-04-26,2020-05-05,14,1465
2020-04-27,2020-05-05,13,1478
2020-04-28,2020-05-05,12,1490
2020-04-29,2020-05-05,11,1501
2020-04-30,2020-05-05,11,1512
2020-05-01,2020-05-05,10,1522
2020-05-02,2020-05-05,9,1531
2020-05-03,2020-05-05,8,1539
2020-05-04,2020-05-05,8,1547
2020-05-05,2020-05-05,7,1554
2020-05-06,2020-05-05,7,1561
2020-05-07,2020-05-05,6,1567
2020-05-08,2020-05-05,6,1573
2020-05-09,2020-05-05,5,1578
2020-05-10,2020-05-05,5,1583
2020-05-11,2020-05-05,4,1587
2020-05-12,2020-05-05,4,1591
2020-05-13,2020-05-05,4,1595
2020-05-14,2020-05-05,3,1598
2020-05-15,2020-05-05,3,1601
2020-05-16,2020-05-05,3,1604
2020-05-17,2020-05-05,3,1607
2020-05-18,2020-05-05,2,1609
2020-05-19,2020-05-05,2,1611
2020-05-20,2020-05-05,2,1613
2020-05-21,2020-05-05,2,1615
2020-05-22,2020-05-05,2,1617
2020-05-23,2020-05-05,2,1619
2020-05-24,2020-05-05,1,1620
2020-05-25,2020-05-05,1,1621
2020-05-26,2020-05-05,1,1622
2020-05-27,2020-05-05,1,1623
2020-05-28,2020-05-05,1,1624
2020-05-29,2020-05-05,1,1625
2020-05-30,2020-05-05,1,1626
2020-05-31,2020-05-05,1,1627
2020-06-01,2020-05-05,1,1628
2020-06-02,2020-05-05,1,1629
2020-06-03,2020-05-05,1,1630
2020-06-04,2020-05-05,1,1631
2020-03-11,2020-05-06,2,3
2020-03-12,2020-05-06,3,6
2020-03-13,2020-05-06,5,11
2020-03-14,2020-05-06,8,19
2020-03-15,2020-05-06,11,30
2020-03-16,2020-05-06,14,44
2020-03-17,2020-05-06,17,61
2020-03-18,2020-05-06,21,82
2020-03-19,2020-05-06,24,106
2020-03-20,2020-05-06,28,134
2020-03-21,2020-05-06,31,165
2020-03-22,2020-05-06,34,199
2020-03-23,2020-05-06,37,236
2020-03-24,2020-05-06,40,276
2020-03-25,2020-05-06,42,318
2020-03-26,2020-05-06,44,362
2020-03-27,2020-05-06,46,408
2020-03-28,2020-05-06,48,456
2020-03-29,2020-05-06,49,505
2020-03-30,2020-05-06,49,554
2020-03-31,2020-05-06,50,604
2020-04-01,2020-05-06,50,654
2020-04-02,2020-05-06,50,704
2020-04-03,2020-05-06,49,753
2020-04-04,2020-05-06,48,801
2020-04-05,2020-05-06,47,848
2020-04-06,2020-05-06,46,894
2020-04-07,2020-05-06,45,939
2020-04-08,2020-05-06,43,982
2020-04-09,2020-05-06,41,1023
2020-04-10,2020-05-06,40,1063
2020-04-11,2020-05-06,38,1101
2020-04-12,2020-05-06,36,1137
2020-04-13,2020-05-06,34,1171
2020-04-14,2020-05-06,32,1203
2020-04-15,2020-05-06,31,1234
2020-04-16,2020-05-06,29,1263
2020-04-17,2020-05-06,27,1290
2020-04-18,2020-05-06,25,1315
2020-04-19,2020-05-06,24,1339
2020-04-20,2020-05-06,22,1361
2020-04-21,2020-05-06,21,1382
2020-04-22,2020-05-06,19,1401
2020-04-23,2020-05-06,18,1419
2020-04-24,2020-05-06,17,1436
2020-04-25,2020-05-06,15,1451
2020-04-26,2020-05-06,14,1465
2020-04-27,2020-05-06,13,1478
2020-04-28,2020-05-06,12,1490
2020-04-29,2020-05-06,11,1501
2020-04-30,2020-05-06,11,1512
2020-05-01,2020-05-06,10,1522
2020-05-02,2020-05-06,9,1531
2020-05-03,2020-05-06,8,1539
2020-05-04,2020-05-06,8,1547
2020-05-05,2020-05-06,7,1554
2020-05-06,2020-05-06,6,1560
2020-05-07,2020-05-06,6,1566
2020-05-08,2020-05-06,5,1571
2020-05-09,2020-05-06,5,1576
2020-05-10,2020-05-06,5,1581
2020-05-11,2020-05-06,4,1585
2020-05-12,2020-05-06,4,1589
2020-05-13,2020-05-06,4,1593
2020-05-14,2020-05-06,3,1596
2020-05-15,2020-05-06,3,1599
2020-05-16,2020-05-06,3,1602
2020-05-17,2020-05-06,3,1605
2020-05-18,2020-05-06,2,1607
2020-05-19,2020-05-06,2,1609
2020-05-20,2020-05-06,2,1611
2020-05-21,2020-05-06,2,1613
2020-05-22,2020-05-06,2,1615
2020-05-23,2020-05-06,2,1617
2020-05-24,2020-05-06,1,1618
2020-05-25,2020-05-06,1,1619
2020-05-26,2020-05-06,1,1620
2020-05-27,2020-05-06,1,1621
2020-05-28,2020-05-06,1,1622
2020-05-29,2020-05-06,1,1623
2020-05-30,2020-05-06,1,1624
2020-05-31,2020-05-06,1,1625
2020-06-01,2020-05-06,1,1626
2020-06-02,2020-05-06,1,1627
2020-06-03,2020-05-06,1,1628
2020-06-04,2020-05-06,1,1629
2020-06-05,2020-05-06,0,1629
2020-03-11,2020-05-07,2,3
2020-03-12,2020-05-07,3,6
2020-03-13,2020-05-07,5,11
2020-03-14,2020-05-07,8,19
2020-03-15,2020-05-07,11,30
2020-03-16,2020-05-07,14,44
2020-03-17,2020-05-07,17,61
2020-03-18,2020-05-07,21,82
2020-03-19,2020-05-07,24,106
2020-03-20,2020-05-07,28,134
2020-03-21,2020-05-07,31,165
2020-03-22,2020-05-07,34,199
2020-03-23,2020-05-07,37,236
2020-03-24,2020-05-07,40,276
2020-03-25,2020-05-07,42,318
2020-03-26,2020-05-07,45,363
2020-03-27,2020-05-07,46,409
2020-03-28,2020-05-07,48,457
2020-03-29,2020-05-07,49,506
2020-03-30,2020-05-07,49,555
2020-03-31,2020-05-07,50,605
2020-04-01,2020-05-07,50,655
2020-04-02,2020-05-07,50,705
2020-04-03,2020-05-07,49,754
2020-04-04,2020-05-07,48,802
2020-04-05,2020-05-07,47,849
2020-04-06,2020-05-07,46,895
2020-04-07,2020-05-07,44,939
2020-04-08,2020-05-07,43,982
2020-04-09,2020-05-07,41,1023
2020-04-10,2020-05-07,40,1063
2020-04-11,2020-05-07,38,1101
2020-04-12,2020-05-07,36,1137
2020-04-13,2020-05-07,34,1171
2020-04-14,2020-05-07,32,1203
2020-04-15,2020-05-07,30,1233
2020-04-16,2020-05-07,29,1262
2020-04-17,2020-05-07,27,1289
2020-04-18,2020-05-07,25,1314
2020-04-19,2020-05-07,24,1338
2020-04-20,2020-05-07,22,1360
2020-04-21,2020-05-07,21,1381
2020-04-22,2020-05-07,19,1400
2020-04-23,2020-05-07,18,1418
2020-04-24,2020-05-07,17,1435
2020-04-25,2020-05-07,15,1450
2020-04-26,2020-05-07,14,1464
2020-04-27,2020-05-07,13,1477
2020-04-28,2020-05-07,12,1489
2020-04-29,2020-05-07,11,1500
2020-04-30,2020-05-07,10,1510
2020-05-01,2020-05-07,10,1520
2020-05-02,2020-05-07,9,1529
2020-05-03,2020-05-07,8,1537
2020-05-04,2020-05-07,8,1545
2020-05-05,2020-05-07,7,1552
2020-05-06,2020-05-07,6,1558
2020-05-07,2020-05-07,6,1564
2020-05-08,2020-05-07,5,1569
2020-05-09,2020-05-07,5,1574
2020-05-10,2020-05-07,5,1579
2020-05-11,2020-05-07,4,1583
2020-05-12,2020-05-07,4,1587
2020-05-13,2020-05-07,4,1591
2020-05-14,2020-05-07,3,1594
2020-05-15,2020-05-07,3,1597
2020-05-16,2020-05-07,3,1600
2020-05-17,2020-05-07,3,1603
2020-05-18,2020-05-07,2,1605
2020-05-19,2020-05-07,2,1607
2020-05-20,2020-05-07,2,1609
2020-05-21,2020-05-07,2,1611
2020-05-22,2020-05-07,2,1613
2020-05-23,2020-05-07,2,1615
2020-05-24,2020-05-07,1,1616
2020-05-25,2020-05-07,1,1617
2020-05-26,2020-05-07,1,1618
2020-05-27,2020-05-07,1,1619
2020-05-28,2020-05-07,1,1620
2020-05-29,2020-05-07,1,1621
2020-05-30,2020-05-07,1,1622
2020-05-31,2020-05-07,1,1623
2020-06-01,2020-05-07,1,1624
2020-06-02,2020-05-07,1,1625
2020-06-03,2020-05-07,1,1626
2020-06-04,2020-05-07,1,1627
2020-06-05,2020-05-07,0,1627
2020-06-06,2020-05-07,0,1627
2020-03-11,2020-05-08,2,3
2020-03-12,2020-05-08,1,4
2020-03-13,2020-05-08,2,6
2020-03-14,2020-05-08,3,9
2020-03-15,2020-05-08,5,14
2020-03-16,2020-05-08,7,21
2020-03-17,2020-05-08,10,31
2020-03-18,2020-05-08,14,45
2020-03-19,2020-05-08,18,63
2020-03-20,2020-05-08,22,85
2020-03-21,2020-05-08,27,112
2020-03-22,2020-05-08,32,144
2020-03-23,2020-05-08,38,182
2020-03-24,2020-05-08,43,225
2020-03-25,2020-05-08,48,273
2020-03-26,2020-05-08,52,325
2020-03-27,2020-05-08,56,381
2020-03-28,2020-05-08,58,439
2020-03-29,2020-05-08,59,498
2020-03-30,2020-05-08,59,557
2020-03-31,2020-05-08,58,615
2020-04-01,2020-05-08,56,671
2020-04-02,2020-05-08,53,724
2020-04-03,2020-05-08,49,773
2020-04-04,2020-05-08,45,818
2020-04-05,2020-05-08,41,859
2020-04-06,2020-05-08,38,897
2020-04-07,2020-05-08,35,932
2020-04-08,2020-05-08,32,964
2020-04-09,2020-05-08,31,995
2020-04-10,2020-05-08,29,1024
2020-04-11,2020-05-08,29,1053
2020-04-12,2020-05-08,29,1082
2020-04-13,2020-05-08,30,1112
2020-04-14,2020-05-08,31,1143
2020-04-15,2020-05-08,32,1175
2020-04-16,2020-05-08,33,1208
2020-04-17,2020-05-08,34,1242
2020-04-18,2020-05-08,34,1276
2020-04-19,2020-05-08,33,1309
2020-04-20,2020-05-08,32,1341
2020-04-21,2020-05-08,30,1371
2020-04-22,2020-05-08,27,1398
2020-04-23,2020-05-08,25,1423
2020-04-24,2020-05-08,22,1445
2020-04-25,2020-05-08,19,1464
2020-04-26,2020-05-08,16,1480
2020-04-27,2020-05-08,14,1494
2020-04-28,2020-05-08,12,1506
2020-04-29,2020-05-08,10,1516
2020-04-30,2020-05-08,8,1524
2020-05-01,2020-05-08,7,1531
2020-05-02,2020-05-08,5,1536
2020-05-03,2020-05-08,5,1541
2020-05-04,2020-05-08,4,1545
2020-05-05,2020-05-08,3,1548
2020-05-06,2020-05-08,2,1550
2020-05-07,2020-05-08,2,1552
2020-05-08,2020-05-08,2,1554
2020-05-09,2020-05-08,1,1555
2020-05-10,2020-05-08,1,1556
2020-05-11,2020-05-08,1,1557
2020-05-12,2020-05-08,1,1558
2020-05-13,2020-05-08,1,1559
2020-05-14,2020-05-08,0,1559
2020-05-15,2020-05-08,0,1559
2020-05-16,2020-05-08,0,1559
2020-05-17,2020-05-08,0,1559
2020-05-18,2020-05-08,0,1559
2020-05-19,2020-05-08,0,1559
2020-05-20,2020-05-08,0,1559
2020-05-21,2020-05-08,0,1559
2020-05-22,2020-05-08,0,1559
2020-05-23,2020-05-08,0,1559
2020-05-24,2020-05-08,0,1559
2020-05-25,2020-05-08,0,1559
2020-05-26,2020-05-08,0,1559
2020-05-27,2020-05-08,0,1559
2020-05-28,2020-05-08,0,1559
2020-05-29,2020-05-08,0,1559
2020-05-30,2020-05-08,0,1559
2020-05-31,2020-05-08,0,1559
2020-06-01,2020-05-08,0,1559
2020-06-02,2020-05-08,0,1559
2020-06-03,2020-05-08,0,1559
2020-06-04,2020-05-08,0,1559
2020-06-05,2020-05-08,0,1559
2020-06-06,2020-05-08,0,1559
2020-06-07,2020-05-08,0,1559
2020-03-11,2020-05-09,2,3
2020-03-12,2020-05-09,1,4
2020-03-13,2020-05-09,2,6
2020-03-14,2020-05-09,4,10
2020-03-15,2020-05-09,6,16
2020-03-16,2020-05-09,9,25
2020-03-17,2020-05-09,12,37
2020-03-18,2020-05-09,15,52
2020-03-19,2020-05-09,20,72
2020-03-20,2020-05-09,24,96
2020-03-21,2020-05-09,29,125
2020-03-22,2020-05-09,34,159
2020-03-23,2020-05-09,39,198
2020-03-24,2020-05-09,44,242
2020-03-25,2020-05-09,48,290
2020-03-26,2020-05-09,51,341
2020-03-27,2020-05-09,54,395
2020-03-28,2020-05-09,56,451
2020-03-29,2020-05-09,57,508
2020-03-30,2020-05-09,56,564
2020-03-31,2020-05-09,55,619
2020-04-01,2020-05-09,53,672
2020-04-02,2020-05-09,51,723
2020-04-03,2020-05-09,48,771
2020-04-04,2020-05-09,44,815
2020-04-05,2020-05-09,41,856
2020-04-06,2020-05-09,37,893
2020-04-07,2020-05-09,35,928
2020-04-08,2020-05-09,33,961
2020-04-09,2020-05-09,31,992
2020-04-10,2020-05-09,30,1022
2020-04-11,2020-05-09,30,1052
2020-04-12,2020-05-09,30,1082
2020-04-13,2020-05-09,31,1113
2020-04-14,2020-05-09,31,1144
2020-04-15,2020-05-09,32,1176
2020-04-16,2020-05-09,33,1209
2020-04-17,2020-05-09,34,1243
2020-04-18,2020-05-09,34,1277
2020-04-19,2020-05-09,33,1310
2020-04-20,2020-05-09,32,1342
2020-04-21,2020-05-09,30,1372
2020-04-22,2020-05-09,27,1399
2020-04-23,2020-05-09,25,1424
2020-04-24,2020-05-09,22,1446
2020-04-25,2020-05-09,20,1466
2020-04-26,2020-05-09,17,1483
2020-04-27,2020-05-09,15,1498
2020-04-28,2020-05-09,12,1510
2020-04-29,2020-05-09,11,1521
2020-04-30,2020-05-09,9,1530
2020-05-01,2020-05-09,7,1537
2020-05-02,2020-05-09,6,1543
2020-05-03,2020-05-09,5,1548
2020-05-04,2020-05-09,4,1552
2020-05-05,2020-05-09,3,1555
2020-05-06,2020-05-09,3,1558
2020-05-07,2020-05-09,2,1560
2020-05-08,2020-05-09,2,1562
2020-05-09,2020-05-09,2,1564
2020-05-10,2020-05-09,1,1565
2020-05-11,2020-05-09,1,1566
2020-05-12,2020-05-09,1,1567
2020-05-13,2020-05-09,1,1568
2020-05-14,2020-05-09,1,1569
2020-05-15,2020-05-09,0,1569
2020-05-16,2020-05-09,0,1569
2020-05-17,2020-05-09,0,1569
2020-05-18,2020-05-09,0,1569
2020-05-19,2020-05-09,0,1569
2020-05-20,2020-05-09,0,1569
2020-05-21,2020-05-09,0,1569
2020-05-22,2020-05-09,0,1569
2020-05-23,2020-05-09,0,1569
2020-05-24,2020-05-09,0,1569
2020-05-25,2020-05-09,0,1569
2020-05-26,2020-05-09,0,1569
2020-05-27,2020-05-09,0,1569
2020-05-28,2020-05-09,0,1569
2020-05-29,2020-05-09,0,1569
2020-05-30,2020-05-09,0,1569
2020-05-31,2020-05-09,0,1569
2020-06-01,2020-05-09,0,1569
2020-06-02,2020-05-09,0,1569
2020-06-03,2020-05-09,0,1569
2020-06-04,2020-05-09,0,1569
2020-06-05,2020-05-09,0,1569
2020-06-06,2020-05-09,0,1569
2020-06-07,2020-05-09,0,1569
2020-06-08,2020-05-09,0,1569
2020-03-11,2020-05-10,2,3
2020-03-12,2020-05-10,1,4
2020-03-13,2020-05-10,3,7
2020-03-14,2020-05-10,4,11
2020-03-15,2020-05-10,6,17
2020-03-16,2020-05-10,9,26
2020-03-17,2020-05-10,12,38
2020-03-18,2020-05-10,16,54
2020-03-19,2020-05-10,20,74
2020-03-20,2020-05-10,24,98
2020-03-21,2020-05-10,29,127
2020-03-22,2020-05-10,34,161
2020-03-23,2020-05-10,39,200
2020-03-24,2020-05-10,44,244
2020-03-25,2020-05-10,48,292
2020-03-26,2020-05-10,51,343
2020-03-27,2020-05-10,54,397
2020-03-28,2020-05-10,56,453
2020-03-29,2020-05-10,56,509
2020-03-30,2020-05-10,56,565
2020-03-31,2020-05-10,55,620
2020-04-01,2020-05-10,53,673
2020-04-02,2020-05-10,51,724
2020-04-03,2020-05-10,48,772
2020-04-04,2020-05-10,44,816
2020-04-05,2020-05-10,41,857
2020-04-06,2020-05-10,37,894
2020-04-07,2020-05-10,35,929
2020-04-08,2020-05-10,33,962
2020-04-09,2020-05-10,31,993
2020-04-10,2020-05-10,30,1023
2020-04-11,2020-05-10,30,1053
2020-04-12,2020-05-10,30,1083
2020-04-13,2020-05-10,31,1114
2020-04-14,2020-05-10,31,1145
2020-04-15,2020-05-10,32,1177
2020-04-16,2020-05-10,33,1210
2020-04-17,2020-05-10,34,1244
2020-04-18,2020-05-10,34,1278
2020-04-19,2020-05-10,33,1311
2020-04-20,2020-05-10,32,1343
2020-04-21,2020-05-10,30,1373
2020-04-22,2020-05-10,27,1400
2020-04-23,2020-05-10,25,1425
2020-04-24,2020-05-10,22,1447
2020-04-25,2020-05-10,20,1467
2020-04-26,2020-05-10,17,1484
2020-04-27,2020-05-10,15,1499
2020-04-28,2020-05-10,13,1512
2020-04-29,2020-05-10,11,1523
2020-04-30,2020-05-10,9,1532
2020-05-01,2020-05-10,7,1539
2020-05-02,2020-05-10,6,1545
2020-05-03,2020-05-10,5,1550
2020-05-04,2020-05-10,4,1554
2020-05-05,2020-05-10,4,1558
2020-05-06,2020-05-10,3,1561
2020-05-07,2020-05-10,2,1563
2020-05-08,2020-05-10,2,1565
2020-05-09,2020-05-10,2,1567
2020-05-10,2020-05-10,1,1568
2020-05-11,2020-05-10,1,1569
2020-05-12,2020-05-10,1,1570
2020-05-13,2020-05-10,1,1571
2020-05-14,2020-05-10,1,1572
2020-05-15,2020-05-10,0,1572
2020-05-16,2020-05-10,0,1572
2020-05-17,2020-05-10,0,1572
2020-05-18,2020-05-10,0,1572
2020-05-19,2020-05-10,0,1572
2020-05-20,2020-05-10,0,1572
2020-05-21,2020-05-10,0,1572
2020-05-22,2020-05-10,0,1572
2020-05-23,2020-05-10,0,1572
2020-05-24,2020-05-10,0,1572
2020-05-25,2020-05-10,0,1572
2020-05-26,2020-05-10,0,1572
2020-05-27,2020-05-10,0,1572
2020-05-28,2020-05-10,0,1572
2020-05-29,2020-05-10,0,1572
2020-05-30,2020-05-10,0,1572
2020-05-31,2020-05-10,0,1572
2020-06-01,2020-05-10,0,1572
2020-06-02,2020-05-10,0,1572
2020-06-03,2020-05-10,0,1572
2020-06-04,2020-05-10,0,1572
2020-06-05,2020-05-10,0,1572
2020-06-06,2020-05-10,0,1572
2020-06-07,2020-05-10,0,1572
2020-06-08,2020-05-10,0,1572
2020-06-09,2020-05-10,0,1572
2020-03-11,2020-05-11,2,3
2020-03-12,2020-05-11,1,4
2020-03-13,2020-05-11,3,7
2020-03-14,2020-05-11,4,11
2020-03-15,2020-05-11,6,17
2020-03-16,2020-05-11,9,26
2020-03-17,2020-05-11,12,38
2020-03-18,2020-05-11,16,54
2020-03-19,2020-05-11,20,74
2020-03-20,2020-05-11,24,98
2020-03-21,2020-05-11,29,127
2020-03-22,2020-05-11,34,161
2020-03-23,2020-05-11,39,200
2020-03-24,2020-05-11,44,244
2020-03-25,2020-05-11,48,292
2020-03-26,2020-05-11,51,343
2020-03-27,2020-05-11,54,397
2020-03-28,2020-05-11,56,453
2020-03-29,2020-05-11,56,509
2020-03-30,2020-05-11,56,565
2020-03-31,2020-05-11,55,620
2020-04-01,2020-05-11,53,673
2020-04-02,2020-05-11,51,724
2020-04-03,2020-05-11,48,772
2020-04-04,2020-05-11,44,816
2020-04-05,2020-05-11,41,857
2020-04-06,2020-05-11,37,894
2020-04-07,2020-05-11,35,929
2020-04-08,2020-05-11,33,962
2020-04-09,2020-05-11,31,993
2020-04-10,2020-05-11,30,1023
2020-04-11,2020-05-11,30,1053
2020-04-12,2020-05-11,30,1083
2020-04-13,2020-05-11,31,1114
2020-04-14,2020-05-11,31,1145
2020-04-15,2020-05-11,32,1177
2020-04-16,2020-05-11,33,1210
2020-04-17,2020-05-11,34,1244
2020-04-18,2020-05-11,34,1278
2020-04-19,2020-05-11,33,1311
2020-04-20,2020-05-11,32,1343
2020-04-21,2020-05-11,30,1373
2020-04-22,2020-05-11,28,1401
2020-04-23,2020-05-11,25,1426
2020-04-24,2020-05-11,22,1448
2020-04-25,2020-05-11,20,1468
2020-04-26,2020-05-11,17,1485
2020-04-27,2020-05-11,15,1500
2020-04-28,2020-05-11,13,1513
2020-04-29,2020-05-11,11,1524
2020-04-30,2020-05-11,9,1533
2020-05-01,2020-05-11,7,1540
2020-05-02,2020-05-11,6,1546
2020-05-03,2020-05-11,5,1551
2020-05-04,2020-05-11,4,1555
2020-05-05,2020-05-11,4,1559
2020-05-06,2020-05-11,3,1562
2020-05-07,2020-05-11,2,1564
2020-05-08,2020-05-11,2,1566
2020-05-09,2020-05-11,2,1568
2020-05-10,2020-05-11,1,1569
2020-05-11,2020-05-11,1,1570
2020-05-12,2020-05-11,1,1571
2020-05-13,2020-05-11,1,1572
2020-05-14,2020-05-11,1,1573
2020-05-15,2020-05-11,1,1574
2020-05-16,2020-05-11,0,1574
2020-05-17,2020-05-11,0,1574
2020-05-18,2020-05-11,0,1574
2020-05-19,2020-05-11,0,1574
2020-05-20,2020-05-11,0,1574
2020-05-21,2020-05-11,0,1574
2020-05-22,2020-05-11,0,1574
2020-05-23,2020-05-11,0,1574
2020-05-24,2020-05-11,0,1574
2020-05-25,2020-05-11,0,1574
2020-05-26,2020-05-11,0,1574
2020-05-27,2020-05-11,0,1574
2020-05-28,2020-05-11,0,1574
2020-05-29,2020-05-11,0,1574
2020-05-30,2020-05-11,0,1574
2020-05-31,2020-05-11,0,1574
2020-06-01,2020-05-11,0,1574
2020-06-02,2020-05-11,0,1574
2020-06-03,2020-05-11,0,1574
2020-06-04,2020-05-11,0,1574
2020-06-05,2020-05-11,0,1574
2020-06-06,2020-05-11,0,1574
2020-06-07,2020-05-11,0,1574
2020-06-08,2020-05-11,0,1574
2020-06-09,2020-05-11,0,1574
2020-06-10,2020-05-11,0,1574
2020-03-11,2020-05-12,2,3
2020-03-12,2020-05-12,1,4
2020-03-13,2020-05-12,3,7
2020-03-14,2020-05-12,4,11
2020-03-15,2020-05-12,6,17
2020-03-16,2020-05-12,9,26
2020-03-17,2020-05-12,12,38
2020-03-18,2020-05-12,16,54
2020-03-19,2020-05-12,20,74
2020-03-20,2020-05-12,24,98
2020-03-21,2020-05-12,29,127
2020-03-22,2020-05-12,34,161
2020-03-23,2020-05-12,39,200
2020-03-24,2020-05-12,44,244
2020-03-25,2020-05-12,48,292
2020-03-26,2020-05-12,51,343
2020-03-27,2020-05-12,54,397
2020-03-28,2020-05-12,55,452
2020-03-29,2020-05-12,56,508
2020-03-30,2020-05-12,56,564
2020-03-31,2020-05-12,55,619
2020-04-01,2020-05-12,53,672
2020-04-02,2020-05-12,50,722
2020-04-03,2020-05-12,47,769
2020-04-04,2020-05-12,44,813
2020-04-05,2020-05-12,41,854
2020-04-06,2020-05-12,37,891
2020-04-07,2020-05-12,35,926
2020-04-08,2020-05-12,33,959
2020-04-09,2020-05-12,31,990
2020-04-10,2020-05-12,30,1020
2020-04-11,2020-05-12,30,1050
2020-04-12,2020-05-12,30,1080
2020-04-13,2020-05-12,31,1111
2020-04-14,2020-05-12,32,1143
2020-04-15,2020-05-12,33,1176
2020-04-16,2020-05-12,33,1209
2020-04-17,2020-05-12,34,1243
2020-04-18,2020-05-12,34,1277
2020-04-19,2020-05-12,33,1310
2020-04-20,2020-05-12,32,1342
2020-04-21,2020-05-12,30,1372
2020-04-22,2020-05-12,28,1400
2020-04-23,2020-05-12,25,1425
2020-04-24,2020-05-12,22,1447
2020-04-25,2020-05-12,20,1467
2020-04-26,2020-05-12,17,1484
2020-04-27,2020-05-12,15,1499
2020-04-28,2020-05-12,13,1512
2020-04-29,2020-05-12,11,1523
2020-04-30,2020-05-12,9,1532
2020-05-01,2020-05-12,8,1540
2020-05-02,2020-05-12,6,1546
2020-05-03,2020-05-12,5,1551
2020-05-04,2020-05-12,4,1555
2020-05-05,2020-05-12,4,1559
2020-05-06,2020-05-12,3,1562
2020-05-07,2020-05-12,2,1564
2020-05-08,2020-05-12,2,1566
2020-05-09,2020-05-12,2,1568
2020-05-10,2020-05-12,1,1569
2020-05-11,2020-05-12,1,1570
2020-05-12,2020-05-12,1,1571
2020-05-13,2020-05-12,1,1572
2020-05-14,2020-05-12,1,1573
2020-05-15,2020-05-12,1,1574
2020-05-16,2020-05-12,0,1574
2020-05-17,2020-05-12,0,1574
2020-05-18,2020-05-12,0,1574
2020-05-19,2020-05-12,0,1574
2020-05-20,2020-05-12,0,1574
2020-05-21,2020-05-12,0,1574
2020-05-22,2020-05-12,0,1574
2020-05-23,2020-05-12,0,1574
2020-05-24,2020-05-12,0,1574
2020-05-25,2020-05-12,0,1574
2020-05-26,2020-05-12,0,1574
2020-05-27,2020-05-12,0,1574
2020-05-28,2020-05-12,0,1574
2020-05-29,2020-05-12,0,1574
2020-05-30,2020-05-12,0,1574
2020-05-31,2020-05-12,0,1574
2020-06-01,2020-05-12,0,1574
2020-06-02,2020-05-12,0,1574
2020-06-03,2020-05-12,0,1574
2020-06-04,2020-05-12,0,1574
2020-06-05,2020-05-12,0,1574
2020-06-06,2020-05-12,0,1574
2020-06-07,2020-05-12,0,1574
2020-06-08,2020-05-12,0,1574
2020-06-09,2020-05-12,0,1574
2020-06-10,2020-05-12,0,1574
2020-06-11,2020-05-12,0,1574
2020-03-11,2020-05-13,2,3
2020-03-12,2020-05-13,1,4
2020-03-13,2020-05-13,3,7
2020-03-14,2020-05-13,4,11
2020-03-15,2020-05-13,6,17
2020-03-16,2020-05-13,9,26
2020-03-17,2020-05-13,12,38
2020-03-18,2020-05-13,16,54
2020-03-19,2020-05-13,20,74
2020-03-20,2020-05-13,24,98
2020-03-21,2020-05-13,29,127
2020-03-22,2020-05-13,34,161
2020-03-23,2020-05-13,39,200
2020-03-24,2020-05-13,44,244
2020-03-25,2020-05-13,48,292
2020-03-26,2020-05-13,51,343
2020-03-27,2020-05-13,54,397
2020-03-28,2020-05-13,55,452
2020-03-29,2020-05-13,56,508
2020-03-30,2020-05-13,56,564
2020-03-31,2020-05-13,55,619
2020-04-01,2020-05-13,53,672
2020-04-02,2020-05-13,51,723
2020-04-03,2020-05-13,48,771
2020-04-04,2020-05-13,44,815
2020-04-05,2020-05-13,41,856
2020-04-06,2020-05-13,37,893
2020-04-07,2020-05-13,35,928
2020-04-08,2020-05-13,33,961
2020-04-09,2020-05-13,31,992
2020-04-10,2020-05-13,30,1022
2020-04-11,2020-05-13,30,1052
2020-04-12,2020-05-13,30,1082
2020-04-13,2020-05-13,31,1113
2020-04-14,2020-05-13,31,1144
2020-04-15,2020-05-13,32,1176
2020-04-16,2020-05-13,33,1209
2020-04-17,2020-05-13,34,1243
2020-04-18,2020-05-13,34,1277
2020-04-19,2020-05-13,33,1310
2020-04-20,2020-05-13,32,1342
2020-04-21,2020-05-13,30,1372
2020-04-22,2020-05-13,28,1400
2020-04-23,2020-05-13,25,1425
2020-04-24,2020-05-13,22,1447
2020-04-25,2020-05-13,20,1467
2020-04-26,2020-05-13,17,1484
2020-04-27,2020-05-13,15,1499
2020-04-28,2020-05-13,13,1512
2020-04-29,2020-05-13,11,1523
2020-04-30,2020-05-13,9,1532
2020-05-01,2020-05-13,8,1540
2020-05-02,2020-05-13,6,1546
2020-05-03,2020-05-13,5,1551
2020-05-04,2020-05-13,4,1555
2020-05-05,2020-05-13,4,1559
2020-05-06,2020-05-13,3,1562
2020-05-07,2020-05-13,2,1564
2020-05-08,2020-05-13,2,1566
2020-05-09,2020-05-13,2,1568
2020-05-10,2020-05-13,1,1569
2020-05-11,2020-05-13,1,1570
2020-05-12,2020-05-13,1,1571
2020-05-13,2020-05-13,1,1572
2020-05-14,2020-05-13,1,1573
2020-05-15,2020-05-13,1,1574
2020-05-16,2020-05-13,0,1574
2020-05-17,2020-05-13,0,1574
2020-05-18,2020-05-13,0,1574
2020-05-19,2020-05-13,0,1574
2020-05-20,2020-05-13,0,1574
2020-05-21,2020-05-13,0,1574
2020-05-22,2020-05-13,0,1574
2020-05-23,2020-05-13,0,1574
2020-05-24,2020-05-13,0,1574
2020-05-25,2020-05-13,0,1574
2020-05-26,2020-05-13,0,1574
2020-05-27,2020-05-13,0,1574
2020-05-28,2020-05-13,0,1574
2020-05-29,2020-05-13,0,1574
2020-05-30,2020-05-13,0,1574
2020-05-31,2020-05-13,0,1574
2020-06-01,2020-05-13,0,1574
2020-06-02,2020-05-13,0,1574
2020-06-03,2020-05-13,0,1574
2020-06-04,2020-05-13,0,1574
2020-06-05,2020-05-13,0,1574
2020-06-06,2020-05-13,0,1574
2020-06-07,2020-05-13,0,1574
2020-06-08,2020-05-13,0,1574
2020-06-09,2020-05-13,0,1574
2020-06-10,2020-05-13,0,1574
2020-06-11,2020-05-13,0,1574
2020-06-12,2020-05-13,0,1574
2020-03-11,2020-05-14,2,3
2020-03-12,2020-05-14,1,4
2020-03-13,2020-05-14,3,7
2020-03-14,2020-05-14,4,11
2020-03-15,2020-05-14,6,17
2020-03-16,2020-05-14,9,26
2020-03-17,2020-05-14,12,38
2020-03-18,2020-05-14,16,54
2020-03-19,2020-05-14,20,74
2020-03-20,2020-05-14,25,99
2020-03-21,2020-05-14,29,128
2020-03-22,2020-05-14,34,162
2020-03-23,2020-05-14,39,201
2020-03-24,2020-05-14,44,245
2020-03-25,2020-05-14,48,293
2020-03-26,2020-05-14,51,344
2020-03-27,2020-05-14,54,398
2020-03-28,2020-05-14,55,453
2020-03-29,2020-05-14,56,509
2020-03-30,2020-05-14,56,565
2020-03-31,2020-05-14,55,620
2020-04-01,2020-05-14,53,673
2020-04-02,2020-05-14,51,724
2020-04-03,2020-05-14,48,772
2020-04-04,2020-05-14,44,816
2020-04-05,2020-05-14,41,857
2020-04-06,2020-05-14,37,894
2020-04-07,2020-05-14,35,929
2020-04-08,2020-05-14,33,962
2020-04-09,2020-05-14,31,993
2020-04-10,2020-05-14,30,1023
2020-04-11,2020-05-14,30,1053
2020-04-12,2020-05-14,30,1083
2020-04-13,2020-05-14,31,1114
2020-04-14,2020-05-14,31,1145
2020-04-15,2020-05-14,32,1177
2020-04-16,2020-05-14,33,1210
2020-04-17,2020-05-14,34,1244
2020-04-18,2020-05-14,34,1278
2020-04-19,2020-05-14,33,1311
2020-04-20,2020-05-14,32,1343
2020-04-21,2020-05-14,30,1373
2020-04-22,2020-05-14,28,1401
2020-04-23,2020-05-14,25,1426
2020-04-24,2020-05-14,23,1449
2020-04-25,2020-05-14,20,1469
2020-04-26,2020-05-14,17,1486
2020-04-27,2020-05-14,15,1501
2020-04-28,2020-05-14,13,1514
2020-04-29,2020-05-14,11,1525
2020-04-30,2020-05-14,9,1534
2020-05-01,2020-05-14,8,1542
2020-05-02,2020-05-14,6,1548
2020-05-03,2020-05-14,5,1553
2020-05-04,2020-05-14,4,1557
2020-05-05,2020-05-14,4,1561
2020-05-06,2020-05-14,3,1564
2020-05-07,2020-05-14,2,1566
2020-05-08,2020-05-14,2,1568
2020-05-09,2020-05-14,2,1570
2020-05-10,2020-05-14,1,1571
2020-05-11,2020-05-14,1,1572
2020-05-12,2020-05-14,1,1573
2020-05-13,2020-05-14,1,1574
2020-05-14,2020-05-14,1,1575
2020-05-15,2020-05-14,1,1576
2020-05-16,2020-05-14,0,1576
2020-05-17,2020-05-14,0,1576
2020-05-18,2020-05-14,0,1576
2020-05-19,2020-05-14,0,1576
2020-05-20,2020-05-14,0,1576
2020-05-21,2020-05-14,0,1576
2020-05-22,2020-05-14,0,1576
2020-05-23,2020-05-14,0,1576
2020-05-24,2020-05-14,0,1576
2020-05-25,2020-05-14,0,1576
2020-05-26,2020-05-14,0,1576
2020-05-27,2020-05-14,0,1576
2020-05-28,2020-05-14,0,1576
2020-05-29,2020-05-14,0,1576
2020-05-30,2020-05-14,0,1576
2020-05-31,2020-05-14,0,1576
2020-06-01,2020-05-14,0,1576
2020-06-02,2020-05-14,0,1576
2020-06-03,2020-05-14,0,1576
2020-06-04,2020-05-14,0,1576
2020-06-05,2020-05-14,0,1576
2020-06-06,2020-05-14,0,1576
2020-06-07,2020-05-14,0,1576
2020-06-08,2020-05-14,0,1576
2020-06-09,2020-05-14,0,1576
2020-06-10,2020-05-14,0,1576
2020-06-11,2020-05-14,0,1576
2020-06-12,2020-05-14,0,1576
2020-06-13,2020-05-14,0,1576
2020-03-11,2020-05-15,2,3
2020-03-12,2020-05-15,1,4
2020-03-13,2020-05-15,2,6
2020-03-14,2020-05-15,3,9
2020-03-15,2020-05-15,4,13
2020-03-16,2020-05-15,6,19
2020-03-17,2020-05-15,8,27
2020-03-18,2020-05-15,11,38
2020-03-19,2020-05-15,14,52
2020-03-20,2020-05-15,18,70
2020-03-21,2020-05-15,23,93
2020-03-22,2020-05-15,27,120
2020-03-23,2020-05-15,32,152
2020-03-24,2020-05-15,37,189
2020-03-25,2020-05-15,41,230
2020-03-26,2020-05-15,45,275
2020-03-27,2020-05-15,47,322
2020-03-28,2020-05-15,48,370
2020-03-29,2020-05-15,48,418
2020-03-30,2020-05-15,47,465
2020-03-31,2020-05-15,44,509
2020-04-01,2020-05-15,42,551
2020-04-02,2020-05-15,39,590
2020-04-03,2020-05-15,36,626
2020-04-04,2020-05-15,33,659
2020-04-05,2020-05-15,31,690
2020-04-06,2020-05-15,29,719
2020-04-07,2020-05-15,29,748
2020-04-08,2020-05-15,29,777
2020-04-09,2020-05-15,30,807
2020-04-10,2020-05-15,32,839
2020-04-11,2020-05-15,34,873
2020-04-12,2020-05-15,37,910
2020-04-13,2020-05-15,40,950
2020-04-14,2020-05-15,43,993
2020-04-15,2020-05-15,45,1038
2020-04-16,2020-05-15,46,1084
2020-04-17,2020-05-15,46,1130
2020-04-18,2020-05-15,44,1174
2020-04-19,2020-05-15,42,1216
2020-04-20,2020-05-15,39,1255
2020-04-21,2020-05-15,36,1291
2020-04-22,2020-05-15,32,1323
2020-04-23,2020-05-15,28,1351
2020-04-24,2020-05-15,25,1376
2020-04-25,2020-05-15,21,1397
2020-04-26,2020-05-15,18,1415
2020-04-27,2020-05-15,15,1430
2020-04-28,2020-05-15,13,1443
2020-04-29,2020-05-15,11,1454
2020-04-30,2020-05-15,9,1463
2020-05-01,2020-05-15,7,1470
2020-05-02,2020-05-15,6,1476
2020-05-03,2020-05-15,5,1481
2020-05-04,2020-05-15,4,1485
2020-05-05,2020-05-15,3,1488
2020-05-06,2020-05-15,3,1491
2020-05-07,2020-05-15,2,1493
2020-05-08,2020-05-15,2,1495
2020-05-09,2020-05-15,1,1496
2020-05-10,2020-05-15,1,1497
2020-05-11,2020-05-15,1,1498
2020-05-12,2020-05-15,1,1499
2020-05-13,2020-05-15,1,1500
2020-05-14,2020-05-15,0,1500
2020-05-15,2020-05-15,0,1500
2020-05-16,2020-05-15,0,1500
2020-05-17,2020-05-15,0,1500
2020-05-18,2020-05-15,0,1500
2020-05-19,2020-05-15,0,1500
2020-05-20,2020-05-15,0,1500
2020-05-21,2020-05-15,0,1500
2020-05-22,2020-05-15,0,1500
2020-05-23,2020-05-15,0,1500
2020-05-24,2020-05-15,0,1500
2020-05-25,2020-05-15,0,1500
2020-05-26,2020-05-15,0,1500
2020-05-27,2020-05-15,0,1500
2020-05-28,2020-05-15,0,1500
2020-05-29,2020-05-15,0,1500
2020-05-30,2020-05-15,0,1500
2020-05-31,2020-05-15,0,1500
2020-06-01,2020-05-15,0,1500
2020-06-02,2020-05-15,0,1500
2020-06-03,2020-05-15,0,1500
2020-06-04,2020-05-15,0,1500
2020-06-05,2020-05-15,0,1500
2020-06-06,2020-05-15,0,1500
2020-06-07,2020-05-15,0,1500
2020-06-08,2020-05-15,0,1500
2020-06-09,2020-05-15,0,1500
2020-06-10,2020-05-15,0,1500
2020-06-11,2020-05-15,0,1500
2020-06-12,2020-05-15,0,1500
2020-06-13,2020-05-15,0,1500
2020-06-14,2020-05-15,0,1500
2020-03-11,2020-05-16,2,3
2020-03-12,2020-05-16,1,4
2020-03-13,2020-05-16,3,7
2020-03-14,2020-05-16,4,11
2020-03-15,2020-05-16,6,17
2020-03-16,2020-05-16,9,26
2020-03-17,2020-05-16,12,38
2020-03-18,2020-05-16,16,54
2020-03-19,2020-05-16,20,74
2020-03-20,2020-05-16,25,99
2020-03-21,2020-05-16,30,129
2020-03-22,2020-05-16,34,163
2020-03-23,2020-05-16,39,202
2020-03-24,2020-05-16,44,246
2020-03-25,2020-05-16,48,294
2020-03-26,2020-05-16,51,345
2020-03-27,2020-05-16,54,399
2020-03-28,2020-05-16,55,454
2020-03-29,2020-05-16,56,510
2020-03-30,2020-05-16,56,566
2020-03-31,2020-05-16,55,621
2020-04-01,2020-05-16,53,674
2020-04-02,2020-05-16,51,725
2020-04-03,2020-05-16,48,773
2020-04-04,2020-05-16,44,817
2020-04-05,2020-05-16,41,858
2020-04-06,2020-05-16,37,895
2020-04-07,2020-05-16,35,930
2020-04-08,2020-05-16,33,963
2020-04-09,2020-05-16,31,994
2020-04-10,2020-05-16,30,1024
2020-04-11,2020-05-16,30,1054
2020-04-12,2020-05-16,30,1084
2020-04-13,2020-05-16,31,1115
2020-04-14,2020-05-16,31,1146
2020-04-15,2020-05-16,32,1178
2020-04-16,2020-05-16,33,1211
2020-04-17,2020-05-16,34,1245
2020-04-18,2020-05-16,34,1279
2020-04-19,2020-05-16,33,1312
2020-04-20,2020-05-16,32,1344
2020-04-21,2020-05-16,30,1374
2020-04-22,2020-05-16,28,1402
2020-04-23,2020-05-16,25,1427
2020-04-24,2020-05-16,23,1450
2020-04-25,2020-05-16,20,1470
2020-04-26,2020-05-16,17,1487
2020-04-27,2020-05-16,15,1502
2020-04-28,2020-05-16,13,1515
2020-04-29,2020-05-16,11,1526
2020-04-30,2020-05-16,9,1535
2020-05-01,2020-05-16,8,1543
2020-05-02,2020-05-16,7,1550
2020-05-03,2020-05-16,5,1555
2020-05-04,2020-05-16,5,1560
2020-05-05,2020-05-16,4,1564
2020-05-06,2020-05-16,3,1567
2020-05-07,2020-05-16,3,1570
2020-05-08,2020-05-16,2,1572
2020-05-09,2020-05-16,2,1574
2020-05-10,2020-05-16,1,1575
2020-05-11,2020-05-16,1,1576
2020-05-12,2020-05-16,1,1577
2020-05-13,2020-05-16,1,1578
2020-05-14,2020-05-16,1,1579
2020-05-15,2020-05-16,1,1580
2020-05-16,2020-05-16,0,1580
2020-05-17,2020-05-16,0,1580
2020-05-18,2020-05-16,0,1580
2020-05-19,2020-05-16,0,1580
2020-05-20,2020-05-16,0,1580
2020-05-21,2020-05-16,0,1580
2020-05-22,2020-05-16,0,1580
2020-05-23,2020-05-16,0,1580
2020-05-24,2020-05-16,0,1580
2020-05-25,2020-05-16,0,1580
2020-05-26,2020-05-16,0,1580
2020-05-27,2020-05-16,0,1580
2020-05-28,2020-05-16,0,1580
2020-05-29,2020-05-16,0,1580
2020-05-30,2020-05-16,0,1580
2020-05-31,2020-05-16,0,1580
2020-06-01,2020-05-16,0,1580
2020-06-02,2020-05-16,0,1580
2020-06-03,2020-05-16,0,1580
2020-06-04,2020-05-16,0,1580
2020-06-05,2020-05-16,0,1580
2020-06-06,2020-05-16,0,1580
2020-06-07,2020-05-16,0,1580
2020-06-08,2020-05-16,0,1580
2020-06-09,2020-05-16,0,1580
2020-06-10,2020-05-16,0,1580
2020-06-11,2020-05-16,0,1580
2020-06-12,2020-05-16,0,1580
2020-06-13,2020-05-16,0,1580
2020-06-14,2020-05-16,0,1580
2020-06-15,2020-05-16,0,1580
2020-03-11,2020-05-17,2,3
2020-03-12,2020-05-17,1,4
2020-03-13,2020-05-17,3,7
2020-03-14,2020-05-17,4,11
2020-03-15,2020-05-17,6,17
2020-03-16,2020-05-17,9,26
2020-03-17,2020-05-17,12,38
2020-03-18,2020-05-17,16,54
2020-03-19,2020-05-17,20,74
2020-03-20,2020-05-17,25,99
2020-03-21,2020-05-17,30,129
2020-03-22,2020-05-17,34,163
2020-03-23,2020-05-17,39,202
2020-03-24,2020-05-17,44,246
2020-03-25,2020-05-17,48,294
2020-03-26,2020-05-17,51,345
2020-03-27,2020-05-17,54,399
2020-03-28,2020-05-17,55,454
2020-03-29,2020-05-17,56,510
2020-03-30,2020-05-17,56,566
2020-03-31,2020-05-17,55,621
2020-04-01,2020-05-17,53,674
2020-04-02,2020-05-17,51,725
2020-04-03,2020-05-17,48,773
2020-04-04,2020-05-17,44,817
2020-04-05,2020-05-17,41,858
2020-04-06,2020-05-17,37,895
2020-04-07,2020-05-17,35,930
2020-04-08,2020-05-17,33,963
2020-04-09,2020-05-17,31,994
2020-04-10,2020-05-17,30,1024
2020-04-11,2020-05-17,30,1054
2020-04-12,2020-05-17,30,1084
2020-04-13,2020-05-17,31,1115
2020-04-14,2020-05-17,31,1146
2020-04-15,2020-05-17,32,1178
2020-04-16,2020-05-17,33,1211
2020-04-17,2020-05-17,34,1245
2020-04-18,2020-05-17,34,1279
2020-04-19,2020-05-17,33,1312
2020-04-20,2020-05-17,32,1344
2020-04-21,2020-05-17,30,1374
2020-04-22,2020-05-17,28,1402
2020-04-23,2020-05-17,25,1427
2020-04-24,2020-05-17,23,1450
2020-04-25,2020-05-17,20,1470
2020-04-26,2020-05-17,17,1487
2020-04-27,2020-05-17,15,1502
2020-04-28,2020-05-17,13,1515
2020-04-29,2020-05-17,11,1526
2020-04-30,2020-05-17,9,1535
2020-05-01,2020-05-17,8,1543
2020-05-02,2020-05-17,7,1550
2020-05-03,2020-05-17,5,1555
2020-05-04,2020-05-17,5,1560
2020-05-05,2020-05-17,4,1564
2020-05-06,2020-05-17,3,1567
2020-05-07,2020-05-17,3,1570
2020-05-08,2020-05-17,2,1572
2020-05-09,2020-05-17,2,1574
2020-05-10,2020-05-17,1,1575
2020-05-11,2020-05-17,1,1576
2020-05-12,2020-05-17,1,1577
2020-05-13,2020-05-17,1,1578
2020-05-14,2020-05-17,1,1579
2020-05-15,2020-05-17,1,1580
2020-05-16,2020-05-17,0,1580
2020-05-17,2020-05-17,0,1580
2020-05-18,2020-05-17,0,1580
2020-05-19,2020-05-17,0,1580
2020-05-20,2020-05-17,0,1580
2020-05-21,2020-05-17,0,1580
2020-05-22,2020-05-17,0,1580
2020-05-23,2020-05-17,0,1580
2020-05-24,2020-05-17,0,1580
2020-05-25,2020-05-17,0,1580
2020-05-26,2020-05-17,0,1580
2020-05-27,2020-05-17,0,1580
2020-05-28,2020-05-17,0,1580
2020-05-29,2020-05-17,0,1580
2020-05-30,2020-05-17,0,1580
2020-05-31,2020-05-17,0,1580
2020-06-01,2020-05-17,0,1580
2020-06-02,2020-05-17,0,1580
2020-06-03,2020-05-17,0,1580
2020-06-04,2020-05-17,0,1580
2020-06-05,2020-05-17,0,1580
2020-06-06,2020-05-17,0,1580
2020-06-07,2020-05-17,0,1580
2020-06-08,2020-05-17,0,1580
2020-06-09,2020-05-17,0,1580
2020-06-10,2020-05-17,0,1580
2020-06-11,2020-05-17,0,1580
2020-06-12,2020-05-17,0,1580
2020-06-13,2020-05-17,0,1580
2020-06-14,2020-05-17,0,1580
2020-06-15,2020-05-17,0,1580
2020-06-16,2020-05-17,0,1580
2020-03-11,2020-05-18,2,3
2020-03-12,2020-05-18,1,4
2020-03-13,2020-05-18,3,7
2020-03-14,2020-05-18,4,11
2020-03-15,2020-05-18,6,17
2020-03-16,2020-05-18,9,26
2020-03-17,2020-05-18,12,38
2020-03-18,2020-05-18,16,54
2020-03-19,2020-05-18,20,74
2020-03-20,2020-05-18,25,99
2020-03-21,2020-05-18,30,129
2020-03-22,2020-05-18,34,163
2020-03-23,2020-05-18,39,202
2020-03-24,2020-05-18,44,246
2020-03-25,2020-05-18,48,294
2020-03-26,2020-05-18,51,345
2020-03-27,2020-05-18,54,399
2020-03-28,2020-05-18,55,454
2020-03-29,2020-05-18,56,510
2020-03-30,2020-05-18,56,566
2020-03-31,2020-05-18,55,621
2020-04-01,2020-05-18,53,674
2020-04-02,2020-05-18,51,725
2020-04-03,2020-05-18,48,773
2020-04-04,2020-05-18,44,817
2020-04-05,2020-05-18,41,858
2020-04-06,2020-05-18,38,896
2020-04-07,2020-05-18,35,931
2020-04-08,2020-05-18,33,964
2020-04-09,2020-05-18,31,995
2020-04-10,2020-05-18,30,1025
2020-04-11,2020-05-18,30,1055
2020-04-12,2020-05-18,30,1085
2020-04-13,2020-05-18,31,1116
2020-04-14,2020-05-18,31,1147
2020-04-15,2020-05-18,32,1179
2020-04-16,2020-05-18,33,1212
2020-04-17,2020-05-18,34,1246
2020-04-18,2020-05-18,34,1280
2020-04-19,2020-05-18,33,1313
2020-04-20,2020-05-18,32,1345
2020-04-21,2020-05-18,30,1375
2020-04-22,2020-05-18,28,1403
2020-04-23,2020-05-18,25,1428
2020-04-24,2020-05-18,23,1451
2020-04-25,2020-05-18,20,1471
2020-04-26,2020-05-18,18,1489
2020-04-27,2020-05-18,15,1504
2020-04-28,2020-05-18,13,1517
2020-04-29,2020-05-18,11,1528
2020-04-30,2020-05-18,9,1537
2020-05-01,2020-05-18,8,1545
2020-05-02,2020-05-18,7,1552
2020-05-03,2020-05-18,5,1557
2020-05-04,2020-05-18,5,1562
2020-05-05,2020-05-18,4,1566
2020-05-06,2020-05-18,3,1569
2020-05-07,2020-05-18,3,1572
2020-05-08,2020-05-18,2,1574
2020-05-09,2020-05-18,2,1576
2020-05-10,2020-05-18,1,1577
2020-05-11,2020-05-18,1,1578
2020-05-12,2020-05-18,1,1579
2020-05-13,2020-05-18,1,1580
2020-05-14,2020-05-18,1,1581
2020-05-15,2020-05-18,1,1582
2020-05-16,2020-05-18,0,1582
2020-05-17,2020-05-18,0,1582
2020-05-18,2020-05-18,0,1582
2020-05-19,2020-05-18,0,1582
2020-05-20,2020-05-18,0,1582
2020-05-21,2020-05-18,0,1582
2020-05-22,2020-05-18,0,1582
2020-05-23,2020-05-18,0,1582
2020-05-24,2020-05-18,0,1582
2020-05-25,2020-05-18,0,1582
2020-05-26,2020-05-18,0,1582
2020-05-27,2020-05-18,0,1582
2020-05-28,2020-05-18,0,1582
2020-05-29,2020-05-18,0,1582
2020-05-30,2020-05-18,0,1582
2020-05-31,2020-05-18,0,1582
2020-06-01,2020-05-18,0,1582
2020-06-02,2020-05-18,0,1582
2020-06-03,2020-05-18,0,1582
2020-06-04,2020-05-18,0,1582
2020-06-05,2020-05-18,0,1582
2020-06-06,2020-05-18,0,1582
2020-06-07,2020-05-18,0,1582
2020-06-08,2020-05-18,0,1582
2020-06-09,2020-05-18,0,1582
2020-06-10,2020-05-18,0,1582
2020-06-11,2020-05-18,0,1582
2020-06-12,2020-05-18,0,1582
2020-06-13,2020-05-18,0,1582
2020-06-14,2020-05-18,0,1582
2020-06-15,2020-05-18,0,1582
2020-06-16,2020-05-18,0,1582
2020-06-17,2020-05-18,0,1582
2020-03-11,2020-05-19,3,4
2020-03-12,2020-05-19,1,5
2020-03-13,2020-05-19,1,6
2020-03-14,2020-05-19,2,8
2020-03-15,2020-05-19,3,11
2020-03-16,2020-05-19,4,15
2020-03-17,2020-05-19,6,21
2020-03-18,2020-05-19,8,29
2020-03-19,2020-05-19,11,40
2020-03-20,2020-05-19,14,54
2020-03-21,2020-05-19,19,73
2020-03-22,2020-05-19,23,96
2020-03-23,2020-05-19,28,124
2020-03-24,2020-05-19,34,158
2020-03-25,2020-05-19,40,198
2020-03-26,2020-05-19,45,243
2020-03-27,2020-05-19,50,293
2020-03-28,2020-05-19,54,347
2020-03-29,2020-05-19,56,403
2020-03-30,2020-05-19,57,460
2020-03-31,2020-05-19,57,517
2020-04-01,2020-05-19,55,572
2020-04-02,2020-05-19,53,625
2020-04-03,2020-05-19,49,674
2020-04-04,2020-05-19,46,720
2020-04-05,2020-05-19,42,762
2020-04-06,2020-05-19,39,801
2020-04-07,2020-05-19,36,837
2020-04-08,2020-05-19,34,871
2020-04-09,2020-05-19,33,904
2020-04-10,2020-05-19,32,936
2020-04-11,2020-05-19,33,969
2020-04-12,2020-05-19,34,1003
2020-04-13,2020-05-19,36,1039
2020-04-14,2020-05-19,38,1077
2020-04-15,2020-05-19,39,1116
2020-04-16,2020-05-19,40,1156
2020-04-17,2020-05-19,41,1197
2020-04-18,2020-05-19,40,1237
2020-04-19,2020-05-19,38,1275
2020-04-20,2020-05-19,36,1311
2020-04-21,2020-05-19,32,1343
2020-04-22,2020-05-19,29,1372
2020-04-23,2020-05-19,25,1397
2020-04-24,2020-05-19,22,1419
2020-04-25,2020-05-19,19,1438
2020-04-26,2020-05-19,16,1454
2020-04-27,2020-05-19,13,1467
2020-04-28,2020-05-19,11,1478
2020-04-29,2020-05-19,9,1487
2020-04-30,2020-05-19,7,1494
2020-05-01,2020-05-19,6,1500
2020-05-02,2020-05-19,5,1505
2020-05-03,2020-05-19,4,1509
2020-05-04,2020-05-19,3,1512
2020-05-05,2020-05-19,2,1514
2020-05-06,2020-05-19,2,1516
2020-05-07,2020-05-19,2,1518
2020-05-08,2020-05-19,2,1520
2020-05-09,2020-05-19,2,1522
2020-05-10,2020-05-19,3,1525
2020-05-11,2020-05-19,3,1528
2020-05-12,2020-05-19,4,1532
2020-05-13,2020-05-19,6,1538
2020-05-14,2020-05-19,8,1546
2020-05-15,2020-05-19,10,1556
2020-05-16,2020-05-19,12,1568
2020-05-17,2020-05-19,15,1583
2020-05-18,2020-05-19,18,1601
2020-05-19,2020-05-19,20,1621
2020-05-20,2020-05-19,22,1643
2020-05-21,2020-05-19,23,1666
2020-05-22,2020-05-19,23,1689
2020-05-23,2020-05-19,22,1711
2020-05-24,2020-05-19,21,1732
2020-05-25,2020-05-19,19,1751
2020-05-26,2020-05-19,17,1768
2020-05-27,2020-05-19,15,1783
2020-05-28,2020-05-19,13,1796
2020-05-29,2020-05-19,10,1806
2020-05-30,2020-05-19,9,1815
2020-05-31,2020-05-19,7,1822
2020-06-01,2020-05-19,6,1828
2020-06-02,2020-05-19,5,1833
2020-06-03,2020-05-19,4,1837
2020-06-04,2020-05-19,3,1840
2020-06-05,2020-05-19,2,1842
2020-06-06,2020-05-19,2,1844
2020-06-07,2020-05-19,1,1845
2020-06-08,2020-05-19,1,1846
2020-06-09,2020-05-19,1,1847
2020-06-10,2020-05-19,1,1848
2020-06-11,2020-05-19,1,1849
2020-06-12,2020-05-19,0,1849
2020-06-13,2020-05-19,0,1849
2020-06-14,2020-05-19,0,1849
2020-06-15,2020-05-19,0,1849
2020-06-16,2020-05-19,0,1849
2020-06-17,2020-05-19,0,1849
2020-06-18,2020-05-19,0,1849
2020-03-11,2020-05-20,3,4
2020-03-12,2020-05-20,3,7
2020-03-13,2020-05-20,5,12
2020-03-14,2020-05-20,8,20
2020-03-15,2020-05-20,11,31
2020-03-16,2020-05-20,14,45
2020-03-17,2020-05-20,17,62
2020-03-18,2020-05-20,21,83
2020-03-19,2020-05-20,24,107
2020-03-20,2020-05-20,27,134
2020-03-21,2020-05-20,30,164
2020-03-22,2020-05-20,33,197
2020-03-23,2020-05-20,36,233
2020-03-24,2020-05-20,39,272
2020-03-25,2020-05-20,41,313
2020-03-26,2020-05-20,43,356
2020-03-27,2020-05-20,45,401
2020-03-28,2020-05-20,46,447
2020-03-29,2020-05-20,48,495
2020-03-30,2020-05-20,48,543
2020-03-31,2020-05-20,49,592
2020-04-01,2020-05-20,49,641
2020-04-02,2020-05-20,49,690
2020-04-03,2020-05-20,49,739
2020-04-04,2020-05-20,48,787
2020-04-05,2020-05-20,47,834
2020-04-06,2020-05-20,46,880
2020-04-07,2020-05-20,45,925
2020-04-08,2020-05-20,44,969
2020-04-09,2020-05-20,42,1011
2020-04-10,2020-05-20,41,1052
2020-04-11,2020-05-20,39,1091
2020-04-12,2020-05-20,38,1129
2020-04-13,2020-05-20,36,1165
2020-04-14,2020-05-20,34,1199
2020-04-15,2020-05-20,33,1232
2020-04-16,2020-05-20,31,1263
2020-04-17,2020-05-20,29,1292
2020-04-18,2020-05-20,28,1320
2020-04-19,2020-05-20,26,1346
2020-04-20,2020-05-20,25,1371
2020-04-21,2020-05-20,23,1394
2020-04-22,2020-05-20,22,1416
2020-04-23,2020-05-20,20,1436
2020-04-24,2020-05-20,19,1455
2020-04-25,2020-05-20,18,1473
2020-04-26,2020-05-20,17,1490
2020-04-27,2020-05-20,16,1506
2020-04-28,2020-05-20,14,1520
2020-04-29,2020-05-20,13,1533
2020-04-30,2020-05-20,13,1546
2020-05-01,2020-05-20,12,1558
2020-05-02,2020-05-20,11,1569
2020-05-03,2020-05-20,10,1579
2020-05-04,2020-05-20,9,1588
2020-05-05,2020-05-20,9,1597
2020-05-06,2020-05-20,8,1605
2020-05-07,2020-05-20,7,1612
2020-05-08,2020-05-20,7,1619
2020-05-09,2020-05-20,6,1625
2020-05-10,2020-05-20,6,1631
2020-05-11,2020-05-20,5,1636
2020-05-12,2020-05-20,5,1641
2020-05-13,2020-05-20,5,1646
2020-05-14,2020-05-20,4,1650
2020-05-15,2020-05-20,4,1654
2020-05-16,2020-05-20,4,1658
2020-05-17,2020-05-20,3,1661
2020-05-18,2020-05-20,3,1664
2020-05-19,2020-05-20,3,1667
2020-05-20,2020-05-20,3,1670
2020-05-21,2020-05-20,2,1672
2020-05-22,2020-05-20,2,1674
2020-05-23,2020-05-20,2,1676
2020-05-24,2020-05-20,2,1678
2020-05-25,2020-05-20,2,1680
2020-05-26,2020-05-20,2,1682
2020-05-27,2020-05-20,2,1684
2020-05-28,2020-05-20,1,1685
2020-05-29,2020-05-20,1,1686
2020-05-30,2020-05-20,1,1687
2020-05-31,2020-05-20,1,1688
2020-06-01,2020-05-20,1,1689
2020-06-02,2020-05-20,1,1690
2020-06-03,2020-05-20,1,1691
2020-06-04,2020-05-20,1,1692
2020-06-05,2020-05-20,1,1693
2020-06-06,2020-05-20,1,1694
2020-06-07,2020-05-20,1,1695
2020-06-08,2020-05-20,1,1696
2020-06-09,2020-05-20,1,1697
2020-06-10,2020-05-20,0,1697
2020-06-11,2020-05-20,0,1697
2020-06-12,2020-05-20,0,1697
2020-06-13,2020-05-20,0,1697
2020-06-14,2020-05-20,0,1697
2020-06-15,2020-05-20,0,1697
2020-06-16,2020-05-20,0,1697
2020-06-17,2020-05-20,0,1697
2020-06-18,2020-05-20,0,1697
2020-06-19,2020-05-20,0,1697
2020-03-11,2020-05-21,3,4
2020-03-12,2020-05-21,3,7
2020-03-13,2020-05-21,5,12
2020-03-14,2020-05-21,8,20
2020-03-15,2020-05-21,11,31
2020-03-16,2020-05-21,14,45
2020-03-17,2020-05-21,17,62
2020-03-18,2020-05-21,21,83
2020-03-19,2020-05-21,24,107
2020-03-20,2020-05-21,28,135
2020-03-21,2020-05-21,31,166
2020-03-22,2020-05-21,34,200
2020-03-23,2020-05-21,37,237
2020-03-24,2020-05-21,40,277
2020-03-25,2020-05-21,42,319
2020-03-26,2020-05-21,44,363
2020-03-27,2020-05-21,46,409
2020-03-28,2020-05-21,47,456
2020-03-29,2020-05-21,48,504
2020-03-30,2020-05-21,49,553
2020-03-31,2020-05-21,49,602
2020-04-01,2020-05-21,49,651
2020-04-02,2020-05-21,49,700
2020-04-03,2020-05-21,48,748
2020-04-04,2020-05-21,48,796
2020-04-05,2020-05-21,47,843
2020-04-06,2020-05-21,45,888
2020-04-07,2020-05-21,44,932
2020-04-08,2020-05-21,43,975
2020-04-09,2020-05-21,41,1016
2020-04-10,2020-05-21,39,1055
2020-04-11,2020-05-21,38,1093
2020-04-12,2020-05-21,36,1129
2020-04-13,2020-05-21,34,1163
2020-04-14,2020-05-21,32,1195
2020-04-15,2020-05-21,30,1225
2020-04-16,2020-05-21,29,1254
2020-04-17,2020-05-21,27,1281
2020-04-18,2020-05-21,25,1306
2020-04-19,2020-05-21,24,1330
2020-04-20,2020-05-21,22,1352
2020-04-21,2020-05-21,21,1373
2020-04-22,2020-05-21,19,1392
2020-04-23,2020-05-21,18,1410
2020-04-24,2020-05-21,17,1427
2020-04-25,2020-05-21,16,1443
2020-04-26,2020-05-21,14,1457
2020-04-27,2020-05-21,13,1470
2020-04-28,2020-05-21,12,1482
2020-04-29,2020-05-21,12,1494
2020-04-30,2020-05-21,11,1505
2020-05-01,2020-05-21,10,1515
2020-05-02,2020-05-21,9,1524
2020-05-03,2020-05-21,8,1532
2020-05-04,2020-05-21,8,1540
2020-05-05,2020-05-21,7,1547
2020-05-06,2020-05-21,7,1554
2020-05-07,2020-05-21,10,1564
2020-05-08,2020-05-21,11,1575
2020-05-09,2020-05-21,13,1588
2020-05-10,2020-05-21,14,1602
2020-05-11,2020-05-21,15,1617
2020-05-12,2020-05-21,15,1632
2020-05-13,2020-05-21,15,1647
2020-05-14,2020-05-21,14,1661
2020-05-15,2020-05-21,13,1674
2020-05-16,2020-05-21,12,1686
2020-05-17,2020-05-21,10,1696
2020-05-18,2020-05-21,9,1705
2020-05-19,2020-05-21,8,1713
2020-05-20,2020-05-21,7,1720
2020-05-21,2020-05-21,6,1726
2020-05-22,2020-05-21,5,1731
2020-05-23,2020-05-21,4,1735
2020-05-24,2020-05-21,3,1738
2020-05-25,2020-05-21,3,1741
2020-05-26,2020-05-21,3,1744
2020-05-27,2020-05-21,2,1746
2020-05-28,2020-05-21,2,1748
2020-05-29,2020-05-21,2,1750
2020-05-30,2020-05-21,1,1751
2020-05-31,2020-05-21,1,1752
2020-06-01,2020-05-21,1,1753
2020-06-02,2020-05-21,1,1754
2020-06-03,2020-05-21,1,1755
2020-06-04,2020-05-21,1,1756
2020-06-05,2020-05-21,1,1757
2020-06-06,2020-05-21,1,1758
2020-06-07,2020-05-21,1,1759
2020-06-08,2020-05-21,0,1759
2020-06-09,2020-05-21,0,1759
2020-06-10,2020-05-21,0,1759
2020-06-11,2020-05-21,0,1759
2020-06-12,2020-05-21,0,1759
2020-06-13,2020-05-21,0,1759
2020-06-14,2020-05-21,0,1759
2020-06-15,2020-05-21,0,1759
2020-06-16,2020-05-21,0,1759
2020-06-17,2020-05-21,0,1759
2020-06-18,2020-05-21,0,1759
2020-06-19,2020-05-21,0,1759
2020-06-20,2020-05-21,0,1759
2020-03-11,2020-05-22,3,4
2020-03-12,2020-05-22,3,7
2020-03-13,2020-05-22,5,12
2020-03-14,2020-05-22,7,19
2020-03-15,2020-05-22,10,29
2020-03-16,2020-05-22,13,42
2020-03-17,2020-05-22,16,58
2020-03-18,2020-05-22,20,78
2020-03-19,2020-05-22,23,101
2020-03-20,2020-05-22,27,128
2020-03-21,2020-05-22,30,158
2020-03-22,2020-05-22,33,191
2020-03-23,2020-05-22,37,228
2020-03-24,2020-05-22,39,267
2020-03-25,2020-05-22,42,309
2020-03-26,2020-05-22,44,353
2020-03-27,2020-05-22,46,399
2020-03-28,2020-05-22,48,447
2020-03-29,2020-05-22,49,496
2020-03-30,2020-05-22,50,546
2020-03-31,2020-05-22,50,596
2020-04-01,2020-05-22,50,646
2020-04-02,2020-05-22,50,696
2020-04-03,2020-05-22,50,746
2020-04-04,2020-05-22,49,795
2020-04-05,2020-05-22,48,843
2020-04-06,2020-05-22,46,889
2020-04-07,2020-05-22,45,934
2020-04-08,2020-05-22,43,977
2020-04-09,2020-05-22,42,1019
2020-04-10,2020-05-22,40,1059
2020-04-11,2020-05-22,38,1097
2020-04-12,2020-05-22,36,1133
2020-04-13,2020-05-22,34,1167
2020-04-14,2020-05-22,32,1199
2020-04-15,2020-05-22,30,1229
2020-04-16,2020-05-22,29,1258
2020-04-17,2020-05-22,27,1285
2020-04-18,2020-05-22,25,1310
2020-04-19,2020-05-22,23,1333
2020-04-20,2020-05-22,22,1355
2020-04-21,2020-05-22,20,1375
2020-04-22,2020-05-22,19,1394
2020-04-23,2020-05-22,18,1412
2020-04-24,2020-05-22,16,1428
2020-04-25,2020-05-22,15,1443
2020-04-26,2020-05-22,14,1457
2020-04-27,2020-05-22,13,1470
2020-04-28,2020-05-22,12,1482
2020-04-29,2020-05-22,11,1493
2020-04-30,2020-05-22,10,1503
2020-05-01,2020-05-22,9,1512
2020-05-02,2020-05-22,9,1521
2020-05-03,2020-05-22,8,1529
2020-05-04,2020-05-22,7,1536
2020-05-05,2020-05-22,7,1543
2020-05-06,2020-05-22,7,1550
2020-05-07,2020-05-22,9,1559
2020-05-08,2020-05-22,11,1570
2020-05-09,2020-05-22,12,1582
2020-05-10,2020-05-22,14,1596
2020-05-11,2020-05-22,15,1611
2020-05-12,2020-05-22,15,1626
2020-05-13,2020-05-22,15,1641
2020-05-14,2020-05-22,15,1656
2020-05-15,2020-05-22,14,1670
2020-05-16,2020-05-22,13,1683
2020-05-17,2020-05-22,12,1695
2020-05-18,2020-05-22,11,1706
2020-05-19,2020-05-22,9,1715
2020-05-20,2020-05-22,8,1723
2020-05-21,2020-05-22,7,1730
2020-05-22,2020-05-22,6,1736
2020-05-23,2020-05-22,5,1741
2020-05-24,2020-05-22,4,1745
2020-05-25,2020-05-22,4,1749
2020-05-26,2020-05-22,3,1752
2020-05-27,2020-05-22,3,1755
2020-05-28,2020-05-22,2,1757
2020-05-29,2020-05-22,2,1759
2020-05-30,2020-05-22,2,1761
2020-05-31,2020-05-22,1,1762
2020-06-01,2020-05-22,1,1763
2020-06-02,2020-05-22,1,1764
2020-06-03,2020-05-22,1,1765
2020-06-04,2020-05-22,1,1766
2020-06-05,2020-05-22,1,1767
2020-06-06,2020-05-22,1,1768
2020-06-07,2020-05-22,0,1768
2020-06-08,2020-05-22,0,1768
2020-06-09,2020-05-22,0,1768
2020-06-10,2020-05-22,0,1768
2020-06-11,2020-05-22,0,1768
2020-06-12,2020-05-22,0,1768
2020-06-13,2020-05-22,0,1768
2020-06-14,2020-05-22,0,1768
2020-06-15,2020-05-22,0,1768
2020-06-16,2020-05-22,0,1768
2020-06-17,2020-05-22,0,1768
2020-06-18,2020-05-22,0,1768
2020-06-19,2020-05-22,0,1768
2020-06-20,2020-05-22,0,1768
2020-06-21,2020-05-22,0,1768
2020-03-11,2020-05-24,3,4
2020-03-12,2020-05-24,3,7
2020-03-13,2020-05-24,6,13
2020-03-14,2020-05-24,9,22
2020-03-15,2020-05-24,12,34
2020-03-16,2020-05-24,16,50
2020-03-17,2020-05-24,19,69
2020-03-18,2020-05-24,22,91
2020-03-19,2020-05-24,26,117
2020-03-20,2020-05-24,29,146
2020-03-21,2020-05-24,32,178
2020-03-22,2020-05-24,35,213
2020-03-23,2020-05-24,37,250
2020-03-24,2020-05-24,39,289
2020-03-25,2020-05-24,41,330
2020-03-26,2020-05-24,43,373
2020-03-27,2020-05-24,45,418
2020-03-28,2020-05-24,46,464
2020-03-29,2020-05-24,47,511
2020-03-30,2020-05-24,47,558
2020-03-31,2020-05-24,48,606
2020-04-01,2020-05-24,48,654
2020-04-02,2020-05-24,48,702
2020-04-03,2020-05-24,47,749
2020-04-04,2020-05-24,47,796
2020-04-05,2020-05-24,46,842
2020-04-06,2020-05-24,45,887
2020-04-07,2020-05-24,44,931
2020-04-08,2020-05-24,43,974
2020-04-09,2020-05-24,41,1015
2020-04-10,2020-05-24,40,1055
2020-04-11,2020-05-24,39,1094
2020-04-12,2020-05-24,37,1131
2020-04-13,2020-05-24,36,1167
2020-04-14,2020-05-24,34,1201
2020-04-15,2020-05-24,32,1233
2020-04-16,2020-05-24,31,1264
2020-04-17,2020-05-24,29,1293
2020-04-18,2020-05-24,28,1321
2020-04-19,2020-05-24,26,1347
2020-04-20,2020-05-24,25,1372
2020-04-21,2020-05-24,24,1396
2020-04-22,2020-05-24,22,1418
2020-04-23,2020-05-24,21,1439
2020-04-24,2020-05-24,20,1459
2020-04-25,2020-05-24,19,1478
2020-04-26,2020-05-24,17,1495
2020-04-27,2020-05-24,16,1511
2020-04-28,2020-05-24,15,1526
2020-04-29,2020-05-24,14,1540
2020-04-30,2020-05-24,13,1553
2020-05-01,2020-05-24,13,1566
2020-05-02,2020-05-24,12,1578
2020-05-03,2020-05-24,11,1589
2020-05-04,2020-05-24,10,1599
2020-05-05,2020-05-24,10,1609
2020-05-06,2020-05-24,9,1618
2020-05-07,2020-05-24,8,1626
2020-05-08,2020-05-24,8,1634
2020-05-09,2020-05-24,7,1641
2020-05-10,2020-05-24,7,1648
2020-05-11,2020-05-24,6,1654
2020-05-12,2020-05-24,6,1660
2020-05-13,2020-05-24,5,1665
2020-05-14,2020-05-24,5,1670
2020-05-15,2020-05-24,5,1675
2020-05-16,2020-05-24,4,1679
2020-05-17,2020-05-24,4,1683
2020-05-18,2020-05-24,4,1687
2020-05-19,2020-05-24,3,1690
2020-05-20,2020-05-24,3,1693
2020-05-21,2020-05-24,3,1696
2020-05-22,2020-05-24,3,1699
2020-05-23,2020-05-24,3,1702
2020-05-24,2020-05-24,2,1704
2020-05-25,2020-05-24,2,1706
2020-05-26,2020-05-24,2,1708
2020-05-27,2020-05-24,2,1710
2020-05-28,2020-05-24,2,1712
2020-05-29,2020-05-24,2,1714
2020-05-30,2020-05-24,2,1716
2020-05-31,2020-05-24,1,1717
2020-06-01,2020-05-24,1,1718
2020-06-02,2020-05-24,1,1719
2020-06-03,2020-05-24,1,1720
2020-06-04,2020-05-24,1,1721
2020-06-05,2020-05-24,1,1722
2020-06-06,2020-05-24,1,1723
2020-06-07,2020-05-24,1,1724
2020-06-08,2020-05-24,1,1725
2020-06-09,2020-05-24,1,1726
2020-06-10,2020-05-24,1,1727
2020-06-11,2020-05-24,1,1728
2020-06-12,2020-05-24,1,1729
2020-06-13,2020-05-24,1,1730
2020-06-14,2020-05-24,0,1730
2020-06-15,2020-05-24,0,1730
2020-06-16,2020-05-24,0,1730
2020-06-17,2020-05-24,0,1730
2020-06-18,2020-05-24,0,1730
2020-06-19,2020-05-24,0,1730
2020-06-20,2020-05-24,0,1730
2020-06-21,2020-05-24,0,1730
2020-06-22,2020-05-24,0,1730
2020-06-23,2020-05-24,0,1730
2020-03-11,2020-05-25,3,4
2020-03-12,2020-05-25,3,7
2020-03-13,2020-05-25,6,13
2020-03-14,2020-05-25,9,22
2020-03-15,2020-05-25,12,34
2020-03-16,2020-05-25,16,50
2020-03-17,2020-05-25,19,69
2020-03-18,2020-05-25,22,91
2020-03-19,2020-05-25,26,117
2020-03-20,2020-05-25,29,146
2020-03-21,2020-05-25,32,178
2020-03-22,2020-05-25,35,213
2020-03-23,2020-05-25,37,250
2020-03-24,2020-05-25,39,289
2020-03-25,2020-05-25,41,330
2020-03-26,2020-05-25,43,373
2020-03-27,2020-05-25,45,418
2020-03-28,2020-05-25,46,464
2020-03-29,2020-05-25,47,511
2020-03-30,2020-05-25,47,558
2020-03-31,2020-05-25,48,606
2020-04-01,2020-05-25,48,654
2020-04-02,2020-05-25,48,702
2020-04-03,2020-05-25,47,749
2020-04-04,2020-05-25,47,796
2020-04-05,2020-05-25,46,842
2020-04-06,2020-05-25,45,887
2020-04-07,2020-05-25,44,931
2020-04-08,2020-05-25,43,974
2020-04-09,2020-05-25,41,1015
2020-04-10,2020-05-25,40,1055
2020-04-11,2020-05-25,39,1094
2020-04-12,2020-05-25,37,1131
2020-04-13,2020-05-25,36,1167
2020-04-14,2020-05-25,34,1201
2020-04-15,2020-05-25,32,1233
2020-04-16,2020-05-25,31,1264
2020-04-17,2020-05-25,29,1293
2020-04-18,2020-05-25,28,1321
2020-04-19,2020-05-25,26,1347
2020-04-20,2020-05-25,25,1372
2020-04-21,2020-05-25,24,1396
2020-04-22,2020-05-25,22,1418
2020-04-23,2020-05-25,21,1439
2020-04-24,2020-05-25,20,1459
2020-04-25,2020-05-25,19,1478
2020-04-26,2020-05-25,17,1495
2020-04-27,2020-05-25,16,1511
2020-04-28,2020-05-25,15,1526
2020-04-29,2020-05-25,14,1540
2020-04-30,2020-05-25,13,1553
2020-05-01,2020-05-25,13,1566
2020-05-02,2020-05-25,12,1578
2020-05-03,2020-05-25,11,1589
2020-05-04,2020-05-25,10,1599
2020-05-05,2020-05-25,10,1609
2020-05-06,2020-05-25,9,1618
2020-05-07,2020-05-25,8,1626
2020-05-08,2020-05-25,8,1634
2020-05-09,2020-05-25,7,1641
2020-05-10,2020-05-25,7,1648
2020-05-11,2020-05-25,6,1654
2020-05-12,2020-05-25,6,1660
2020-05-13,2020-05-25,5,1665
2020-05-14,2020-05-25,5,1670
2020-05-15,2020-05-25,5,1675
2020-05-16,2020-05-25,4,1679
2020-05-17,2020-05-25,4,1683
2020-05-18,2020-05-25,4,1687
2020-05-19,2020-05-25,3,1690
2020-05-20,2020-05-25,3,1693
2020-05-21,2020-05-25,3,1696
2020-05-22,2020-05-25,3,1699
2020-05-23,2020-05-25,3,1702
2020-05-24,2020-05-25,2,1704
2020-05-25,2020-05-25,2,1706
2020-05-26,2020-05-25,2,1708
2020-05-27,2020-05-25,2,1710
2020-05-28,2020-05-25,2,1712
2020-05-29,2020-05-25,2,1714
2020-05-30,2020-05-25,2,1716
2020-05-31,2020-05-25,1,1717
2020-06-01,2020-05-25,1,1718
2020-06-02,2020-05-25,1,1719
2020-06-03,2020-05-25,1,1720
2020-06-04,2020-05-25,1,1721
2020-06-05,2020-05-25,1,1722
2020-06-06,2020-05-25,1,1723
2020-06-07,2020-05-25,1,1724
2020-06-08,2020-05-25,1,1725
2020-06-09,2020-05-25,1,1726
2020-06-10,2020-05-25,1,1727
2020-06-11,2020-05-25,1,1728
2020-06-12,2020-05-25,1,1729
2020-06-13,2020-05-25,1,1730
2020-06-14,2020-05-25,0,1730
2020-06-15,2020-05-25,0,1730
2020-06-16,2020-05-25,0,1730
2020-06-17,2020-05-25,0,1730
2020-06-18,2020-05-25,0,1730
2020-06-19,2020-05-25,0,1730
2020-06-20,2020-05-25,0,1730
2020-06-21,2020-05-25,0,1730
2020-06-22,2020-05-25,0,1730
2020-06-23,2020-05-25,0,1730
2020-06-24,2020-05-25,0,1730
2020-03-11,2020-05-26,3,4
2020-03-12,2020-05-26,3,7
2020-03-13,2020-05-26,6,13
2020-03-14,2020-05-26,9,22
2020-03-15,2020-05-26,12,34
2020-03-16,2020-05-26,16,50
2020-03-17,2020-05-26,19,69
2020-03-18,2020-05-26,22,91
2020-03-19,2020-05-26,26,117
2020-03-20,2020-05-26,29,146
2020-03-21,2020-05-26,32,178
2020-03-22,2020-05-26,35,213
2020-03-23,2020-05-26,37,250
2020-03-24,2020-05-26,39,289
2020-03-25,2020-05-26,41,330
2020-03-26,2020-05-26,43,373
2020-03-27,2020-05-26,45,418
2020-03-28,2020-05-26,46,464
2020-03-29,2020-05-26,47,511
2020-03-30,2020-05-26,47,558
2020-03-31,2020-05-26,48,606
2020-04-01,2020-05-26,48,654
2020-04-02,2020-05-26,48,702
2020-04-03,2020-05-26,47,749
2020-04-04,2020-05-26,47,796
2020-04-05,2020-05-26,46,842
2020-04-06,2020-05-26,45,887
2020-04-07,2020-05-26,44,931
2020-04-08,2020-05-26,43,974
2020-04-09,2020-05-26,41,1015
2020-04-10,2020-05-26,40,1055
2020-04-11,2020-05-26,39,1094
2020-04-12,2020-05-26,37,1131
2020-04-13,2020-05-26,36,1167
2020-04-14,2020-05-26,34,1201
2020-04-15,2020-05-26,33,1234
2020-04-16,2020-05-26,31,1265
2020-04-17,2020-05-26,29,1294
2020-04-18,2020-05-26,28,1322
2020-04-19,2020-05-26,27,1349
2020-04-20,2020-05-26,25,1374
2020-04-21,2020-05-26,24,1398
2020-04-22,2020-05-26,22,1420
2020-04-23,2020-05-26,21,1441
2020-04-24,2020-05-26,20,1461
2020-04-25,2020-05-26,19,1480
2020-04-26,2020-05-26,18,1498
2020-04-27,2020-05-26,16,1514
2020-04-28,2020-05-26,15,1529
2020-04-29,2020-05-26,14,1543
2020-04-30,2020-05-26,14,1557
2020-05-01,2020-05-26,13,1570
2020-05-02,2020-05-26,12,1582
2020-05-03,2020-05-26,11,1593
2020-05-04,2020-05-26,10,1603
2020-05-05,2020-05-26,10,1613
2020-05-06,2020-05-26,9,1622
2020-05-07,2020-05-26,8,1630
2020-05-08,2020-05-26,8,1638
2020-05-09,2020-05-26,7,1645
2020-05-10,2020-05-26,7,1652
2020-05-11,2020-05-26,6,1658
2020-05-12,2020-05-26,6,1664
2020-05-13,2020-05-26,5,1669
2020-05-14,2020-05-26,5,1674
2020-05-15,2020-05-26,5,1679
2020-05-16,2020-05-26,4,1683
2020-05-17,2020-05-26,4,1687
2020-05-18,2020-05-26,4,1691
2020-05-19,2020-05-26,4,1695
2020-05-20,2020-05-26,3,1698
2020-05-21,2020-05-26,3,1701
2020-05-22,2020-05-26,3,1704
2020-05-23,2020-05-26,3,1707
2020-05-24,2020-05-26,2,1709
2020-05-25,2020-05-26,2,1711
2020-05-26,2020-05-26,2,1713
2020-05-27,2020-05-26,2,1715
2020-05-28,2020-05-26,2,1717
2020-05-29,2020-05-26,2,1719
2020-05-30,2020-05-26,2,1721
2020-05-31,2020-05-26,1,1722
2020-06-01,2020-05-26,1,1723
2020-06-02,2020-05-26,1,1724
2020-06-03,2020-05-26,1,1725
2020-06-04,2020-05-26,1,1726
2020-06-05,2020-05-26,1,1727
2020-06-06,2020-05-26,1,1728
2020-06-07,2020-05-26,1,1729
2020-06-08,2020-05-26,1,1730
2020-06-09,2020-05-26,1,1731
2020-06-10,2020-05-26,1,1732
2020-06-11,2020-05-26,1,1733
2020-06-12,2020-05-26,1,1734
2020-06-13,2020-05-26,1,1735
2020-06-14,2020-05-26,1,1736
2020-06-15,2020-05-26,0,1736
2020-06-16,2020-05-26,0,1736
2020-06-17,2020-05-26,0,1736
2020-06-18,2020-05-26,0,1736
2020-06-19,2020-05-26,0,1736
2020-06-20,2020-05-26,0,1736
2020-06-21,2020-05-26,0,1736
2020-06-22,2020-05-26,0,1736
2020-06-23,2020-05-26,0,1736
2020-06-24,2020-05-26,0,1736
2020-06-25,2020-05-26,0,1736
2020-03-11,2020-05-27,3,4
2020-03-12,2020-05-27,3,7
2020-03-13,2020-05-27,6,13
2020-03-14,2020-05-27,9,22
2020-03-15,2020-05-27,13,35
2020-03-16,2020-05-27,16,51
2020-03-17,2020-05-27,19,70
2020-03-18,2020-05-27,22,92
2020-03-19,2020-05-27,26,118
2020-03-20,2020-05-27,29,147
2020-03-21,2020-05-27,32,179
2020-03-22,2020-05-27,35,214
2020-03-23,2020-05-27,37,251
2020-03-24,2020-05-27,39,290
2020-03-25,2020-05-27,41,331
2020-03-26,2020-05-27,43,374
2020-03-27,2020-05-27,45,419
2020-03-28,2020-05-27,46,465
2020-03-29,2020-05-27,47,512
2020-03-30,2020-05-27,47,559
2020-03-31,2020-05-27,48,607
2020-04-01,2020-05-27,48,655
2020-04-02,2020-05-27,48,703
2020-04-03,2020-05-27,47,750
2020-04-04,2020-05-27,47,797
2020-04-05,2020-05-27,46,843
2020-04-06,2020-05-27,45,888
2020-04-07,2020-05-27,44,932
2020-04-08,2020-05-27,43,975
2020-04-09,2020-05-27,41,1016
2020-04-10,2020-05-27,40,1056
2020-04-11,2020-05-27,39,1095
2020-04-12,2020-05-27,37,1132
2020-04-13,2020-05-27,36,1168
2020-04-14,2020-05-27,34,1202
2020-04-15,2020-05-27,33,1235
2020-04-16,2020-05-27,31,1266
2020-04-17,2020-05-27,30,1296
2020-04-18,2020-05-27,28,1324
2020-04-19,2020-05-27,27,1351
2020-04-20,2020-05-27,25,1376
2020-04-21,2020-05-27,24,1400
2020-04-22,2020-05-27,22,1422
2020-04-23,2020-05-27,21,1443
2020-04-24,2020-05-27,20,1463
2020-04-25,2020-05-27,19,1482
2020-04-26,2020-05-27,18,1500
2020-04-27,2020-05-27,17,1517
2020-04-28,2020-05-27,16,1533
2020-04-29,2020-05-27,15,1548
2020-04-30,2020-05-27,14,1562
2020-05-01,2020-05-27,13,1575
2020-05-02,2020-05-27,12,1587
2020-05-03,2020-05-27,11,1598
2020-05-04,2020-05-27,10,1608
2020-05-05,2020-05-27,10,1618
2020-05-06,2020-05-27,9,1627
2020-05-07,2020-05-27,8,1635
2020-05-08,2020-05-27,8,1643
2020-05-09,2020-05-27,7,1650
2020-05-10,2020-05-27,7,1657
2020-05-11,2020-05-27,6,1663
2020-05-12,2020-05-27,6,1669
2020-05-13,2020-05-27,6,1675
2020-05-14,2020-05-27,5,1680
2020-05-15,2020-05-27,5,1685
2020-05-16,2020-05-27,4,1689
2020-05-17,2020-05-27,4,1693
2020-05-18,2020-05-27,4,1697
2020-05-19,2020-05-27,4,1701
2020-05-20,2020-05-27,3,1704
2020-05-21,2020-05-27,3,1707
2020-05-22,2020-05-27,3,1710
2020-05-23,2020-05-27,3,1713
2020-05-24,2020-05-27,2,1715
2020-05-25,2020-05-27,2,1717
2020-05-26,2020-05-27,2,1719
2020-05-27,2020-05-27,2,1721
2020-05-28,2020-05-27,2,1723
2020-05-29,2020-05-27,2,1725
2020-05-30,2020-05-27,2,1727
2020-05-31,2020-05-27,1,1728
2020-06-01,2020-05-27,1,1729
2020-06-02,2020-05-27,1,1730
2020-06-03,2020-05-27,1,1731
2020-06-04,2020-05-27,1,1732
2020-06-05,2020-05-27,1,1733
2020-06-06,2020-05-27,1,1734
2020-06-07,2020-05-27,1,1735
2020-06-08,2020-05-27,1,1736
2020-06-09,2020-05-27,1,1737
2020-06-10,2020-05-27,1,1738
2020-06-11,2020-05-27,1,1739
2020-06-12,2020-05-27,1,1740
2020-06-13,2020-05-27,1,1741
2020-06-14,2020-05-27,1,1742
2020-06-15,2020-05-27,0,1742
2020-06-16,2020-05-27,0,1742
2020-06-17,2020-05-27,0,1742
2020-06-18,2020-05-27,0,1742
2020-06-19,2020-05-27,0,1742
2020-06-20,2020-05-27,0,1742
2020-06-21,2020-05-27,0,1742
2020-06-22,2020-05-27,0,1742
2020-06-23,2020-05-27,0,1742
2020-06-24,2020-05-27,0,1742
2020-06-25,2020-05-27,0,1742
2020-06-26,2020-05-27,0,1742
2020-03-11,2020-05-28,3,4
2020-03-12,2020-05-28,3,7
2020-03-13,2020-05-28,6,13
2020-03-14,2020-05-28,9,22
2020-03-15,2020-05-28,13,35
2020-03-16,2020-05-28,16,51
2020-03-17,2020-05-28,19,70
2020-03-18,2020-05-28,23,93
2020-03-19,2020-05-28,26,119
2020-03-20,2020-05-28,29,148
2020-03-21,2020-05-28,32,180
2020-03-22,2020-05-28,35,215
2020-03-23,2020-05-28,37,252
2020-03-24,2020-05-28,39,291
2020-03-25,2020-05-28,41,332
2020-03-26,2020-05-28,43,375
2020-03-27,2020-05-28,45,420
2020-03-28,2020-05-28,46,466
2020-03-29,2020-05-28,47,513
2020-03-30,2020-05-28,47,560
2020-03-31,2020-05-28,48,608
2020-04-01,2020-05-28,48,656
2020-04-02,2020-05-28,48,704
2020-04-03,2020-05-28,47,751
2020-04-04,2020-05-28,47,798
2020-04-05,2020-05-28,46,844
2020-04-06,2020-05-28,45,889
2020-04-07,2020-05-28,44,933
2020-04-08,2020-05-28,43,976
2020-04-09,2020-05-28,41,1017
2020-04-10,2020-05-28,40,1057
2020-04-11,2020-05-28,39,1096
2020-04-12,2020-05-28,37,1133
2020-04-13,2020-05-28,36,1169
2020-04-14,2020-05-28,34,1203
2020-04-15,2020-05-28,33,1236
2020-04-16,2020-05-28,31,1267
2020-04-17,2020-05-28,30,1297
2020-04-18,2020-05-28,28,1325
2020-04-19,2020-05-28,27,1352
2020-04-20,2020-05-28,25,1377
2020-04-21,2020-05-28,24,1401
2020-04-22,2020-05-28,23,1424
2020-04-23,2020-05-28,21,1445
2020-04-24,2020-05-28,20,1465
2020-04-25,2020-05-28,19,1484
2020-04-26,2020-05-28,18,1502
2020-04-27,2020-05-28,17,1519
2020-04-28,2020-05-28,16,1535
2020-04-29,2020-05-28,15,1550
2020-04-30,2020-05-28,14,1564
2020-05-01,2020-05-28,13,1577
2020-05-02,2020-05-28,12,1589
2020-05-03,2020-05-28,11,1600
2020-05-04,2020-05-28,10,1610
2020-05-05,2020-05-28,10,1620
2020-05-06,2020-05-28,9,1629
2020-05-07,2020-05-28,8,1637
2020-05-08,2020-05-28,8,1645
2020-05-09,2020-05-28,7,1652
2020-05-10,2020-05-28,7,1659
2020-05-11,2020-05-28,6,1665
2020-05-12,2020-05-28,6,1671
2020-05-13,2020-05-28,6,1677
2020-05-14,2020-05-28,5,1682
2020-05-15,2020-05-28,5,1687
2020-05-16,2020-05-28,4,1691
2020-05-17,2020-05-28,4,1695
2020-05-18,2020-05-28,4,1699
2020-05-19,2020-05-28,4,1703
2020-05-20,2020-05-28,3,1706
2020-05-21,2020-05-28,3,1709
2020-05-22,2020-05-28,3,1712
2020-05-23,2020-05-28,3,1715
2020-05-24,2020-05-28,2,1717
2020-05-25,2020-05-28,2,1719
2020-05-26,2020-05-28,2,1721
2020-05-27,2020-05-28,2,1723
2020-05-28,2020-05-28,2,1725
2020-05-29,2020-05-28,2,1727
2020-05-30,2020-05-28,2,1729
2020-05-31,2020-05-28,1,1730
2020-06-01,2020-05-28,1,1731
2020-06-02,2020-05-28,1,1732
2020-06-03,2020-05-28,1,1733
2020-06-04,2020-05-28,1,1734
2020-06-05,2020-05-28,1,1735
2020-06-06,2020-05-28,1,1736
2020-06-07,2020-05-28,1,1737
2020-06-08,2020-05-28,1,1738
2020-06-09,2020-05-28,1,1739
2020-06-10,2020-05-28,1,1740
2020-06-11,2020-05-28,1,1741
2020-06-12,2020-05-28,1,1742
2020-06-13,2020-05-28,1,1743
2020-06-14,2020-05-28,1,1744
2020-06-15,2020-05-28,0,1744
2020-06-16,2020-05-28,0,1744
2020-06-17,2020-05-28,0,1744
2020-06-18,2020-05-28,0,1744
2020-06-19,2020-05-28,0,1744
2020-06-20,2020-05-28,0,1744
2020-06-21,2020-05-28,0,1744
2020-06-22,2020-05-28,0,1744
2020-06-23,2020-05-28,0,1744
2020-06-24,2020-05-28,0,1744
2020-06-25,2020-05-28,0,1744
2020-06-26,2020-05-28,0,1744
2020-06-27,2020-05-28,0,1744
2020-03-11,2020-05-29,3,4
2020-03-12,2020-05-29,3,7
2020-03-13,2020-05-29,6,13
2020-03-14,2020-05-29,9,22
2020-03-15,2020-05-29,13,35
2020-03-16,2020-05-29,16,51
2020-03-17,2020-05-29,19,70
2020-03-18,2020-05-29,23,93
2020-03-19,2020-05-29,26,119
2020-03-20,2020-05-29,29,148
2020-03-21,2020-05-29,32,180
2020-03-22,2020-05-29,35,215
2020-03-23,2020-05-29,37,252
2020-03-24,2020-05-29,39,291
2020-03-25,2020-05-29,41,332
2020-03-26,2020-05-29,43,375
2020-03-27,2020-05-29,45,420
2020-03-28,2020-05-29,46,466
2020-03-29,2020-05-29,47,513
2020-03-30,2020-05-29,47,560
2020-03-31,2020-05-29,48,608
2020-04-01,2020-05-29,48,656
2020-04-02,2020-05-29,48,704
2020-04-03,2020-05-29,47,751
2020-04-04,2020-05-29,47,798
2020-04-05,2020-05-29,46,844
2020-04-06,2020-05-29,45,889
2020-04-07,2020-05-29,44,933
2020-04-08,2020-05-29,43,976
2020-04-09,2020-05-29,41,1017
2020-04-10,2020-05-29,40,1057
2020-04-11,2020-05-29,39,1096
2020-04-12,2020-05-29,37,1133
2020-04-13,2020-05-29,36,1169
2020-04-14,2020-05-29,34,1203
2020-04-15,2020-05-29,33,1236
2020-04-16,2020-05-29,31,1267
2020-04-17,2020-05-29,30,1297
2020-04-18,2020-05-29,28,1325
2020-04-19,2020-05-29,27,1352
2020-04-20,2020-05-29,25,1377
2020-04-21,2020-05-29,24,1401
2020-04-22,2020-05-29,23,1424
2020-04-23,2020-05-29,21,1445
2020-04-24,2020-05-29,20,1465
2020-04-25,2020-05-29,19,1484
2020-04-26,2020-05-29,18,1502
2020-04-27,2020-05-29,17,1519
2020-04-28,2020-05-29,16,1535
2020-04-29,2020-05-29,15,1550
2020-04-30,2020-05-29,14,1564
2020-05-01,2020-05-29,13,1577
2020-05-02,2020-05-29,12,1589
2020-05-03,2020-05-29,11,1600
2020-05-04,2020-05-29,11,1611
2020-05-05,2020-05-29,10,1621
2020-05-06,2020-05-29,9,1630
2020-05-07,2020-05-29,9,1639
2020-05-08,2020-05-29,8,1647
2020-05-09,2020-05-29,7,1654
2020-05-10,2020-05-29,7,1661
2020-05-11,2020-05-29,6,1667
2020-05-12,2020-05-29,6,1673
2020-05-13,2020-05-29,6,1679
2020-05-14,2020-05-29,5,1684
2020-05-15,2020-05-29,5,1689
2020-05-16,2020-05-29,5,1694
2020-05-17,2020-05-29,4,1698
2020-05-18,2020-05-29,4,1702
2020-05-19,2020-05-29,4,1706
2020-05-20,2020-05-29,3,1709
2020-05-21,2020-05-29,3,1712
2020-05-22,2020-05-29,3,1715
2020-05-23,2020-05-29,3,1718
2020-05-24,2020-05-29,3,1721
2020-05-25,2020-05-29,2,1723
2020-05-26,2020-05-29,2,1725
2020-05-27,2020-05-29,2,1727
2020-05-28,2020-05-29,2,1729
2020-05-29,2020-05-29,2,1731
2020-05-30,2020-05-29,2,1733
2020-05-31,2020-05-29,2,1735
2020-06-01,2020-05-29,1,1736
2020-06-02,2020-05-29,1,1737
2020-06-03,2020-05-29,1,1738
2020-06-04,2020-05-29,1,1739
2020-06-05,2020-05-29,1,1740
2020-06-06,2020-05-29,1,1741
2020-06-07,2020-05-29,1,1742
2020-06-08,2020-05-29,1,1743
2020-06-09,2020-05-29,1,1744
2020-06-10,2020-05-29,1,1745
2020-06-11,2020-05-29,1,1746
2020-06-12,2020-05-29,1,1747
2020-06-13,2020-05-29,1,1748
2020-06-14,2020-05-29,1,1749
2020-06-15,2020-05-29,0,1749
2020-06-16,2020-05-29,0,1749
2020-06-17,2020-05-29,0,1749
2020-06-18,2020-05-29,0,1749
2020-06-19,2020-05-29,0,1749
2020-06-20,2020-05-29,0,1749
2020-06-21,2020-05-29,0,1749
2020-06-22,2020-05-29,0,1749
2020-06-23,2020-05-29,0,1749
2020-06-24,2020-05-29,0,1749
2020-06-25,2020-05-29,0,1749
2020-06-26,2020-05-29,0,1749
2020-06-27,2020-05-29,0,1749
2020-06-28,2020-05-29,0,1749
2020-03-11,2020-05-30,3,4
2020-03-12,2020-05-30,3,7
2020-03-13,2020-05-30,6,13
2020-03-14,2020-05-30,9,22
2020-03-15,2020-05-30,13,35
2020-03-16,2020-05-30,16,51
2020-03-17,2020-05-30,19,70
2020-03-18,2020-05-30,23,93
2020-03-19,2020-05-30,26,119
2020-03-20,2020-05-30,29,148
2020-03-21,2020-05-30,32,180
2020-03-22,2020-05-30,35,215
2020-03-23,2020-05-30,37,252
2020-03-24,2020-05-30,39,291
2020-03-25,2020-05-30,41,332
2020-03-26,2020-05-30,43,375
2020-03-27,2020-05-30,45,420
2020-03-28,2020-05-30,46,466
2020-03-29,2020-05-30,47,513
2020-03-30,2020-05-30,47,560
2020-03-31,2020-05-30,48,608
2020-04-01,2020-05-30,48,656
2020-04-02,2020-05-30,47,703
2020-04-03,2020-05-30,47,750
2020-04-04,2020-05-30,47,797
2020-04-05,2020-05-30,46,843
2020-04-06,2020-05-30,45,888
2020-04-07,2020-05-30,44,932
2020-04-08,2020-05-30,43,975
2020-04-09,2020-05-30,41,1016
2020-04-10,2020-05-30,40,1056
2020-04-11,2020-05-30,39,1095
2020-04-12,2020-05-30,37,1132
2020-04-13,2020-05-30,36,1168
2020-04-14,2020-05-30,34,1202
2020-04-15,2020-05-30,33,1235
2020-04-16,2020-05-30,31,1266
2020-04-17,2020-05-30,30,1296
2020-04-18,2020-05-30,28,1324
2020-04-19,2020-05-30,27,1351
2020-04-20,2020-05-30,25,1376
2020-04-21,2020-05-30,24,1400
2020-04-22,2020-05-30,23,1423
2020-04-23,2020-05-30,21,1444
2020-04-24,2020-05-30,20,1464
2020-04-25,2020-05-30,19,1483
2020-04-26,2020-05-30,18,1501
2020-04-27,2020-05-30,17,1518
2020-04-28,2020-05-30,16,1534
2020-04-29,2020-05-30,15,1549
2020-04-30,2020-05-30,14,1563
2020-05-01,2020-05-30,13,1576
2020-05-02,2020-05-30,12,1588
2020-05-03,2020-05-30,11,1599
2020-05-04,2020-05-30,11,1610
2020-05-05,2020-05-30,10,1620
2020-05-06,2020-05-30,9,1629
2020-05-07,2020-05-30,9,1638
2020-05-08,2020-05-30,8,1646
2020-05-09,2020-05-30,7,1653
2020-05-10,2020-05-30,7,1660
2020-05-11,2020-05-30,7,1667
2020-05-12,2020-05-30,6,1673
2020-05-13,2020-05-30,6,1679
2020-05-14,2020-05-30,5,1684
2020-05-15,2020-05-30,5,1689
2020-05-16,2020-05-30,5,1694
2020-05-17,2020-05-30,4,1698
2020-05-18,2020-05-30,4,1702
2020-05-19,2020-05-30,4,1706
2020-05-20,2020-05-30,3,1709
2020-05-21,2020-05-30,3,1712
2020-05-22,2020-05-30,3,1715
2020-05-23,2020-05-30,3,1718
2020-05-24,2020-05-30,3,1721
2020-05-25,2020-05-30,2,1723
2020-05-26,2020-05-30,2,1725
2020-05-27,2020-05-30,2,1727
2020-05-28,2020-05-30,2,1729
2020-05-29,2020-05-30,2,1731
2020-05-30,2020-05-30,2,1733
2020-05-31,2020-05-30,2,1735
2020-06-01,2020-05-30,1,1736
2020-06-02,2020-05-30,1,1737
2020-06-03,2020-05-30,1,1738
2020-06-04,2020-05-30,1,1739
2020-06-05,2020-05-30,1,1740
2020-06-06,2020-05-30,1,1741
2020-06-07,2020-05-30,1,1742
2020-06-08,2020-05-30,1,1743
2020-06-09,2020-05-30,1,1744
2020-06-10,2020-05-30,1,1745
2020-06-11,2020-05-30,1,1746
2020-06-12,2020-05-30,1,1747
2020-06-13,2020-05-30,1,1748
2020-06-14,2020-05-30,1,1749
2020-06-15,2020-05-30,0,1749
2020-06-16,2020-05-30,0,1749
2020-06-17,2020-05-30,0,1749
2020-06-18,2020-05-30,0,1749
2020-06-19,2020-05-30,0,1749
2020-06-20,2020-05-30,0,1749
2020-06-21,2020-05-30,0,1749
2020-06-22,2020-05-30,0,1749
2020-06-23,2020-05-30,0,1749
2020-06-24,2020-05-30,0,1749
2020-06-25,2020-05-30,0,1749
2020-06-26,2020-05-30,0,1749
2020-06-27,2020-05-30,0,1749
2020-06-28,2020-05-30,0,1749
2020-06-29,2020-05-30,0,1749
2020-03-11,2020-05-31,3,4
2020-03-12,2020-05-31,3,7
2020-03-13,2020-05-31,6,13
2020-03-14,2020-05-31,9,22
2020-03-15,2020-05-31,13,35
2020-03-16,2020-05-31,16,51
2020-03-17,2020-05-31,19,70
2020-03-18,2020-05-31,23,93
2020-03-19,2020-05-31,26,119
2020-03-20,2020-05-31,29,148
2020-03-21,2020-05-31,32,180
2020-03-22,2020-05-31,35,215
2020-03-23,2020-05-31,37,252
2020-03-24,2020-05-31,39,291
2020-03-25,2020-05-31,41,332
2020-03-26,2020-05-31,43,375
2020-03-27,2020-05-31,45,420
2020-03-28,2020-05-31,46,466
2020-03-29,2020-05-31,47,513
2020-03-30,2020-05-31,47,560
2020-03-31,2020-05-31,48,608
2020-04-01,2020-05-31,48,656
2020-04-02,2020-05-31,47,703
2020-04-03,2020-05-31,47,750
2020-04-04,2020-05-31,47,797
2020-04-05,2020-05-31,46,843
2020-04-06,2020-05-31,45,888
2020-04-07,2020-05-31,44,932
2020-04-08,2020-05-31,43,975
2020-04-09,2020-05-31,41,1016
2020-04-10,2020-05-31,40,1056
2020-04-11,2020-05-31,39,1095
2020-04-12,2020-05-31,37,1132
2020-04-13,2020-05-31,36,1168
2020-04-14,2020-05-31,34,1202
2020-04-15,2020-05-31,33,1235
2020-04-16,2020-05-31,31,1266
2020-04-17,2020-05-31,30,1296
2020-04-18,2020-05-31,28,1324
2020-04-19,2020-05-31,27,1351
2020-04-20,2020-05-31,25,1376
2020-04-21,2020-05-31,24,1400
2020-04-22,2020-05-31,23,1423
2020-04-23,2020-05-31,21,1444
2020-04-24,2020-05-31,20,1464
2020-04-25,2020-05-31,19,1483
2020-04-26,2020-05-31,18,1501
2020-04-27,2020-05-31,17,1518
2020-04-28,2020-05-31,16,1534
2020-04-29,2020-05-31,15,1549
2020-04-30,2020-05-31,14,1563
2020-05-01,2020-05-31,13,1576
2020-05-02,2020-05-31,12,1588
2020-05-03,2020-05-31,11,1599
2020-05-04,2020-05-31,11,1610
2020-05-05,2020-05-31,10,1620
2020-05-06,2020-05-31,9,1629
2020-05-07,2020-05-31,9,1638
2020-05-08,2020-05-31,8,1646
2020-05-09,2020-05-31,8,1654
2020-05-10,2020-05-31,7,1661
2020-05-11,2020-05-31,7,1668
2020-05-12,2020-05-31,6,1674
2020-05-13,2020-05-31,6,1680
2020-05-14,2020-05-31,5,1685
2020-05-15,2020-05-31,5,1690
2020-05-16,2020-05-31,5,1695
2020-05-17,2020-05-31,4,1699
2020-05-18,2020-05-31,4,1703
2020-05-19,2020-05-31,4,1707
2020-05-20,2020-05-31,3,1710
2020-05-21,2020-05-31,3,1713
2020-05-22,2020-05-31,3,1716
2020-05-23,2020-05-31,3,1719
2020-05-24,2020-05-31,3,1722
2020-05-25,2020-05-31,2,1724
2020-05-26,2020-05-31,2,1726
2020-05-27,2020-05-31,2,1728
2020-05-28,2020-05-31,2,1730
2020-05-29,2020-05-31,2,1732
2020-05-30,2020-05-31,2,1734
2020-05-31,2020-05-31,2,1736
2020-06-01,2020-05-31,1,1737
2020-06-02,2020-05-31,1,1738
2020-06-03,2020-05-31,1,1739
2020-06-04,2020-05-31,1,1740
2020-06-05,2020-05-31,1,1741
2020-06-06,2020-05-31,1,1742
2020-06-07,2020-05-31,1,1743
2020-06-08,2020-05-31,1,1744
2020-06-09,2020-05-31,1,1745
2020-06-10,2020-05-31,1,1746
2020-06-11,2020-05-31,1,1747
2020-06-12,2020-05-31,1,1748
2020-06-13,2020-05-31,1,1749
2020-06-14,2020-05-31,1,1750
2020-06-15,2020-05-31,0,1750
2020-06-16,2020-05-31,0,1750
2020-06-17,2020-05-31,0,1750
2020-06-18,2020-05-31,0,1750
2020-06-19,2020-05-31,0,1750
2020-06-20,2020-05-31,0,1750
2020-06-21,2020-05-31,0,1750
2020-06-22,2020-05-31,0,1750
2020-06-23,2020-05-31,0,1750
2020-06-24,2020-05-31,0,1750
2020-06-25,2020-05-31,0,1750
2020-06-26,2020-05-31,0,1750
2020-06-27,2020-05-31,0,1750
2020-06-28,2020-05-31,0,1750
2020-06-29,2020-05-31,0,1750
2020-06-30,2020-05-31,0,1750
2020-03-11,2020-06-01,3,4
2020-03-12,2020-06-01,3,7
2020-03-13,2020-06-01,6,13
2020-03-14,2020-06-01,9,22
2020-03-15,2020-06-01,13,35
2020-03-16,2020-06-01,16,51
2020-03-17,2020-06-01,19,70
2020-03-18,2020-06-01,23,93
2020-03-19,2020-06-01,26,119
2020-03-20,2020-06-01,29,148
2020-03-21,2020-06-01,32,180
2020-03-22,2020-06-01,35,215
2020-03-23,2020-06-01,37,252
2020-03-24,2020-06-01,39,291
2020-03-25,2020-06-01,41,332
2020-03-26,2020-06-01,43,375
2020-03-27,2020-06-01,45,420
2020-03-28,2020-06-01,46,466
2020-03-29,2020-06-01,47,513
2020-03-30,2020-06-01,47,560
2020-03-31,2020-06-01,48,608
2020-04-01,2020-06-01,48,656
2020-04-02,2020-06-01,47,703
2020-04-03,2020-06-01,47,750
2020-04-04,2020-06-01,47,797
2020-04-05,2020-06-01,46,843
2020-04-06,2020-06-01,45,888
2020-04-07,2020-06-01,44,932
2020-04-08,2020-06-01,43,975
2020-04-09,2020-06-01,41,1016
2020-04-10,2020-06-01,40,1056
2020-04-11,2020-06-01,39,1095
2020-04-12,2020-06-01,37,1132
2020-04-13,2020-06-01,36,1168
2020-04-14,2020-06-01,34,1202
2020-04-15,2020-06-01,33,1235
2020-04-16,2020-06-01,31,1266
2020-04-17,2020-06-01,30,1296
2020-04-18,2020-06-01,28,1324
2020-04-19,2020-06-01,27,1351
2020-04-20,2020-06-01,25,1376
2020-04-21,2020-06-01,24,1400
2020-04-22,2020-06-01,23,1423
2020-04-23,2020-06-01,21,1444
2020-04-24,2020-06-01,20,1464
2020-04-25,2020-06-01,19,1483
2020-04-26,2020-06-01,18,1501
2020-04-27,2020-06-01,17,1518
2020-04-28,2020-06-01,16,1534
2020-04-29,2020-06-01,15,1549
2020-04-30,2020-06-01,14,1563
2020-05-01,2020-06-01,13,1576
2020-05-02,2020-06-01,12,1588
2020-05-03,2020-06-01,11,1599
2020-05-04,2020-06-01,11,1610
2020-05-05,2020-06-01,10,1620
2020-05-06,2020-06-01,9,1629
2020-05-07,2020-06-01,9,1638
2020-05-08,2020-06-01,8,1646
2020-05-09,2020-06-01,8,1654
2020-05-10,2020-06-01,7,1661
2020-05-11,2020-06-01,7,1668
2020-05-12,2020-06-01,6,1674
2020-05-13,2020-06-01,6,1680
2020-05-14,2020-06-01,5,1685
2020-05-15,2020-06-01,5,1690
2020-05-16,2020-06-01,5,1695
2020-05-17,2020-06-01,4,1699
2020-05-18,2020-06-01,4,1703
2020-05-19,2020-06-01,4,1707
2020-05-20,2020-06-01,3,1710
2020-05-21,2020-06-01,3,1713
2020-05-22,2020-06-01,3,1716
2020-05-23,2020-06-01,3,1719
2020-05-24,2020-06-01,3,1722
2020-05-25,2020-06-01,2,1724
2020-05-26,2020-06-01,2,1726
2020-05-27,2020-06-01,2,1728
2020-05-28,2020-06-01,2,1730
2020-05-29,2020-06-01,2,1732
2020-05-30,2020-06-01,2,1734
2020-05-31,2020-06-01,2,1736
2020-06-01,2020-06-01,1,1737
2020-06-02,2020-06-01,1,1738
2020-06-03,2020-06-01,1,1739
2020-06-04,2020-06-01,1,1740
2020-06-05,2020-06-01,1,1741
2020-06-06,2020-06-01,1,1742
2020-06-07,2020-06-01,1,1743
2020-06-08,2020-06-01,1,1744
2020-06-09,2020-06-01,1,1745
2020-06-10,2020-06-01,1,1746
2020-06-11,2020-06-01,1,1747
2020-06-12,2020-06-01,1,1748
2020-06-13,2020-06-01,1,1749
2020-06-14,2020-06-01,1,1750
2020-06-15,2020-06-01,1,1751
2020-06-16,2020-06-01,0,1751
2020-06-17,2020-06-01,0,1751
2020-06-18,2020-06-01,0,1751
2020-06-19,2020-06-01,0,1751
2020-06-20,2020-06-01,0,1751
2020-06-21,2020-06-01,0,1751
2020-06-22,2020-06-01,0,1751
2020-06-23,2020-06-01,0,1751
2020-06-24,2020-06-01,0,1751
2020-06-25,2020-06-01,0,1751
2020-06-26,2020-06-01,0,1751
2020-06-27,2020-06-01,0,1751
2020-06-28,2020-06-01,0,1751
2020-06-29,2020-06-01,0,1751
2020-06-30,2020-06-01,0,1751
2020-07-01,2020-06-01,0,1751
2020-03-11,2020-06-03,3,4
2020-03-12,2020-06-03,3,7
2020-03-13,2020-06-03,6,13
2020-03-14,2020-06-03,9,22
2020-03-15,2020-06-03,13,35
2020-03-16,2020-06-03,16,51
2020-03-17,2020-06-03,19,70
2020-03-18,2020-06-03,23,93
2020-03-19,2020-06-03,26,119
2020-03-20,2020-06-03,29,148
2020-03-21,2020-06-03,32,180
2020-03-22,2020-06-03,35,215
2020-03-23,2020-06-03,37,252
2020-03-24,2020-06-03,39,291
2020-03-25,2020-06-03,41,332
2020-03-26,2020-06-03,43,375
2020-03-27,2020-06-03,45,420
2020-03-28,2020-06-03,46,466
2020-03-29,2020-06-03,47,513
2020-03-30,2020-06-03,47,560
2020-03-31,2020-06-03,48,608
2020-04-01,2020-06-03,48,656
2020-04-02,2020-06-03,47,703
2020-04-03,2020-06-03,47,750
2020-04-04,2020-06-03,47,797
2020-04-05,2020-06-03,46,843
2020-04-06,2020-06-03,45,888
2020-04-07,2020-06-03,44,932
2020-04-08,2020-06-03,43,975
2020-04-09,2020-06-03,41,1016
2020-04-10,2020-06-03,40,1056
2020-04-11,2020-06-03,39,1095
2020-04-12,2020-06-03,37,1132
2020-04-13,2020-06-03,36,1168
2020-04-14,2020-06-03,34,1202
2020-04-15,2020-06-03,33,1235
2020-04-16,2020-06-03,31,1266
2020-04-17,2020-06-03,30,1296
2020-04-18,2020-06-03,28,1324
2020-04-19,2020-06-03,27,1351
2020-04-20,2020-06-03,25,1376
2020-04-21,2020-06-03,24,1400
2020-04-22,2020-06-03,23,1423
2020-04-23,2020-06-03,21,1444
2020-04-24,2020-06-03,20,1464
2020-04-25,2020-06-03,19,1483
2020-04-26,2020-06-03,18,1501
2020-04-27,2020-06-03,17,1518
2020-04-28,2020-06-03,16,1534
2020-04-29,2020-06-03,15,1549
2020-04-30,2020-06-03,14,1563
2020-05-01,2020-06-03,13,1576
2020-05-02,2020-06-03,12,1588
2020-05-03,2020-06-03,11,1599
2020-05-04,2020-06-03,11,1610
2020-05-05,2020-06-03,10,1620
2020-05-06,2020-06-03,9,1629
2020-05-07,2020-06-03,9,1638
2020-05-08,2020-06-03,8,1646
2020-05-09,2020-06-03,8,1654
2020-05-10,2020-06-03,7,1661
2020-05-11,2020-06-03,7,1668
2020-05-12,2020-06-03,6,1674
2020-05-13,2020-06-03,6,1680
2020-05-14,2020-06-03,5,1685
2020-05-15,2020-06-03,5,1690
2020-05-16,2020-06-03,5,1695
2020-05-17,2020-06-03,4,1699
2020-05-18,2020-06-03,4,1703
2020-05-19,2020-06-03,4,1707
2020-05-20,2020-06-03,3,1710
2020-05-21,2020-06-03,3,1713
2020-05-22,2020-06-03,3,1716
2020-05-23,2020-06-03,3,1719
2020-05-24,2020-06-03,3,1722
2020-05-25,2020-06-03,2,1724
2020-05-26,2020-06-03,2,1726
2020-05-27,2020-06-03,2,1728
2020-05-28,2020-06-03,2,1730
2020-05-29,2020-06-03,2,1732
2020-05-30,2020-06-03,2,1734
2020-05-31,2020-06-03,2,1736
2020-06-01,2020-06-03,1,1737
2020-06-02,2020-06-03,1,1738
2020-06-03,2020-06-03,1,1739
2020-06-04,2020-06-03,1,1740
2020-06-05,2020-06-03,1,1741
2020-06-06,2020-06-03,1,1742
2020-06-07,2020-06-03,1,1743
2020-06-08,2020-06-03,1,1744
2020-06-09,2020-06-03,1,1745
2020-06-10,2020-06-03,1,1746
2020-06-11,2020-06-03,1,1747
2020-06-12,2020-06-03,1,1748
2020-06-13,2020-06-03,1,1749
2020-06-14,2020-06-03,1,1750
2020-06-15,2020-06-03,1,1751
2020-06-16,2020-06-03,0,1751
2020-06-17,2020-06-03,0,1751
2020-06-18,2020-06-03,0,1751
2020-06-19,2020-06-03,0,1751
2020-06-20,2020-06-03,0,1751
2020-06-21,2020-06-03,0,1751
2020-06-22,2020-06-03,0,1751
2020-06-23,2020-06-03,0,1751
2020-06-24,2020-06-03,0,1751
2020-06-25,2020-06-03,0,1751
2020-06-26,2020-06-03,0,1751
2020-06-27,2020-06-03,0,1751
2020-06-28,2020-06-03,0,1751
2020-06-29,2020-06-03,0,1751
2020-06-30,2020-06-03,0,1751
2020-07-01,2020-06-03,0,1751
2020-07-02,2020-06-03,0,1751
2020-07-03,2020-06-03,0,1751
2020-03-11,2020-06-04,3,4
2020-03-12,2020-06-04,3,7
2020-03-13,2020-06-04,6,13
2020-03-14,2020-06-04,9,22
2020-03-15,2020-06-04,13,35
2020-03-16,2020-06-04,16,51
2020-03-17,2020-06-04,19,70
2020-03-18,2020-06-04,23,93
2020-03-19,2020-06-04,26,119
2020-03-20,2020-06-04,29,148
2020-03-21,2020-06-04,32,180
2020-03-22,2020-06-04,35,215
2020-03-23,2020-06-04,37,252
2020-03-24,2020-06-04,39,291
2020-03-25,2020-06-04,41,332
2020-03-26,2020-06-04,43,375
2020-03-27,2020-06-04,44,419
2020-03-28,2020-06-04,46,465
2020-03-29,2020-06-04,47,512
2020-03-30,2020-06-04,47,559
2020-03-31,2020-06-04,47,606
2020-04-01,2020-06-04,48,654
2020-04-02,2020-06-04,47,701
2020-04-03,2020-06-04,47,748
2020-04-04,2020-06-04,46,794
2020-04-05,2020-06-04,46,840
2020-04-06,2020-06-04,45,885
2020-04-07,2020-06-04,44,929
2020-04-08,2020-06-04,43,972
2020-04-09,2020-06-04,41,1013
2020-04-10,2020-06-04,40,1053
2020-04-11,2020-06-04,39,1092
2020-04-12,2020-06-04,37,1129
2020-04-13,2020-06-04,36,1165
2020-04-14,2020-06-04,34,1199
2020-04-15,2020-06-04,33,1232
2020-04-16,2020-06-04,31,1263
2020-04-17,2020-06-04,30,1293
2020-04-18,2020-06-04,28,1321
2020-04-19,2020-06-04,27,1348
2020-04-20,2020-06-04,25,1373
2020-04-21,2020-06-04,24,1397
2020-04-22,2020-06-04,23,1420
2020-04-23,2020-06-04,21,1441
2020-04-24,2020-06-04,20,1461
2020-04-25,2020-06-04,19,1480
2020-04-26,2020-06-04,18,1498
2020-04-27,2020-06-04,17,1515
2020-04-28,2020-06-04,16,1531
2020-04-29,2020-06-04,15,1546
2020-04-30,2020-06-04,14,1560
2020-05-01,2020-06-04,13,1573
2020-05-02,2020-06-04,12,1585
2020-05-03,2020-06-04,11,1596
2020-05-04,2020-06-04,11,1607
2020-05-05,2020-06-04,10,1617
2020-05-06,2020-06-04,9,1626
2020-05-07,2020-06-04,9,1635
2020-05-08,2020-06-04,8,1643
2020-05-09,2020-06-04,8,1651
2020-05-10,2020-06-04,7,1658
2020-05-11,2020-06-04,7,1665
2020-05-12,2020-06-04,6,1671
2020-05-13,2020-06-04,6,1677
2020-05-14,2020-06-04,5,1682
2020-05-15,2020-06-04,5,1687
2020-05-16,2020-06-04,5,1692
2020-05-17,2020-06-04,4,1696
2020-05-18,2020-06-04,4,1700
2020-05-19,2020-06-04,4,1704
2020-05-20,2020-06-04,3,1707
2020-05-21,2020-06-04,3,1710
2020-05-22,2020-06-04,3,1713
2020-05-23,2020-06-04,3,1716
2020-05-24,2020-06-04,3,1719
2020-05-25,2020-06-04,2,1721
2020-05-26,2020-06-04,2,1723
2020-05-27,2020-06-04,2,1725
2020-05-28,2020-06-04,2,1727
2020-05-29,2020-06-04,2,1729
2020-05-30,2020-06-04,2,1731
2020-05-31,2020-06-04,2,1733
2020-06-01,2020-06-04,1,1734
2020-06-02,2020-06-04,1,1735
2020-06-03,2020-06-04,1,1736
2020-06-04,2020-06-04,1,1737
2020-06-05,2020-06-04,1,1738
2020-06-06,2020-06-04,1,1739
2020-06-07,2020-06-04,1,1740
2020-06-08,2020-06-04,1,1741
2020-06-09,2020-06-04,1,1742
2020-06-10,2020-06-04,1,1743
2020-06-11,2020-06-04,1,1744
2020-06-12,2020-06-04,1,1745
2020-06-13,2020-06-04,1,1746
2020-06-14,2020-06-04,1,1747
2020-06-15,2020-06-04,1,1748
2020-06-16,2020-06-04,0,1748
2020-06-17,2020-06-04,0,1748
2020-06-18,2020-06-04,0,1748
2020-06-19,2020-06-04,0,1748
2020-06-20,2020-06-04,0,1748
2020-06-21,2020-06-04,0,1748
2020-06-22,2020-06-04,0,1748
2020-06-23,2020-06-04,0,1748
2020-06-24,2020-06-04,0,1748
2020-06-25,2020-06-04,0,1748
2020-06-26,2020-06-04,0,1748
2020-06-27,2020-06-04,0,1748
2020-06-28,2020-06-04,0,1748
2020-06-29,2020-06-04,0,1748
2020-06-30,2020-06-04,0,1748
2020-07-01,2020-06-04,0,1748
2020-07-02,2020-06-04,0,1748
2020-07-03,2020-06-04,0,1748
2020-07-04,2020-06-04,0,1748
2020-03-11,2020-06-07,3,4
2020-03-12,2020-06-07,4,8
2020-03-13,2020-06-07,6,14
2020-03-14,2020-06-07,10,24
2020-03-15,2020-06-07,13,37
2020-03-16,2020-06-07,16,53
2020-03-17,2020-06-07,19,72
2020-03-18,2020-06-07,23,95
2020-03-19,2020-06-07,26,121
2020-03-20,2020-06-07,29,150
2020-03-21,2020-06-07,32,182
2020-03-22,2020-06-07,35,217
2020-03-23,2020-06-07,37,254
2020-03-24,2020-06-07,39,293
2020-03-25,2020-06-07,41,334
2020-03-26,2020-06-07,43,377
2020-03-27,2020-06-07,44,421
2020-03-28,2020-06-07,46,467
2020-03-29,2020-06-07,46,513
2020-03-30,2020-06-07,47,560
2020-03-31,2020-06-07,47,607
2020-04-01,2020-06-07,47,654
2020-04-02,2020-06-07,47,701
2020-04-03,2020-06-07,47,748
2020-04-04,2020-06-07,46,794
2020-04-05,2020-06-07,46,840
2020-04-06,2020-06-07,45,885
2020-04-07,2020-06-07,44,929
2020-04-08,2020-06-07,43,972
2020-04-09,2020-06-07,41,1013
2020-04-10,2020-06-07,40,1053
2020-04-11,2020-06-07,39,1092
2020-04-12,2020-06-07,37,1129
2020-04-13,2020-06-07,36,1165
2020-04-14,2020-06-07,34,1199
2020-04-15,2020-06-07,33,1232
2020-04-16,2020-06-07,31,1263
2020-04-17,2020-06-07,30,1293
2020-04-18,2020-06-07,28,1321
2020-04-19,2020-06-07,27,1348
2020-04-20,2020-06-07,26,1374
2020-04-21,2020-06-07,24,1398
2020-04-22,2020-06-07,23,1421
2020-04-23,2020-06-07,22,1443
2020-04-24,2020-06-07,20,1463
2020-04-25,2020-06-07,19,1482
2020-04-26,2020-06-07,18,1500
2020-04-27,2020-06-07,17,1517
2020-04-28,2020-06-07,16,1533
2020-04-29,2020-06-07,15,1548
2020-04-30,2020-06-07,14,1562
2020-05-01,2020-06-07,13,1575
2020-05-02,2020-06-07,12,1587
2020-05-03,2020-06-07,12,1599
2020-05-04,2020-06-07,11,1610
2020-05-05,2020-06-07,10,1620
2020-05-06,2020-06-07,10,1630
2020-05-07,2020-06-07,9,1639
2020-05-08,2020-06-07,8,1647
2020-05-09,2020-06-07,8,1655
2020-05-10,2020-06-07,7,1662
2020-05-11,2020-06-07,7,1669
2020-05-12,2020-06-07,6,1675
2020-05-13,2020-06-07,6,1681
2020-05-14,2020-06-07,5,1686
2020-05-15,2020-06-07,5,1691
2020-05-16,2020-06-07,5,1696
2020-05-17,2020-06-07,4,1700
2020-05-18,2020-06-07,4,1704
2020-05-19,2020-06-07,4,1708
2020-05-20,2020-06-07,4,1712
2020-05-21,2020-06-07,3,1715
2020-05-22,2020-06-07,3,1718
2020-05-23,2020-06-07,3,1721
2020-05-24,2020-06-07,3,1724
2020-05-25,2020-06-07,3,1727
2020-05-26,2020-06-07,2,1729
2020-05-27,2020-06-07,2,1731
2020-05-28,2020-06-07,2,1733
2020-05-29,2020-06-07,2,1735
2020-05-30,2020-06-07,2,1737
2020-05-31,2020-06-07,2,1739
2020-06-01,2020-06-07,2,1741
2020-06-02,2020-06-07,1,1742
2020-06-03,2020-06-07,1,1743
2020-06-04,2020-06-07,1,1744
2020-06-05,2020-06-07,1,1745
2020-06-06,2020-06-07,1,1746
2020-06-07,2020-06-07,1,1747
2020-06-08,2020-06-07,1,1748
2020-06-09,2020-06-07,1,1749
2020-06-10,2020-06-07,1,1750
2020-06-11,2020-06-07,1,1751
2020-06-12,2020-06-07,1,1752
2020-06-13,2020-06-07,1,1753
2020-06-14,2020-06-07,1,1754
2020-06-15,2020-06-07,1,1755
2020-06-16,2020-06-07,1,1756
2020-06-17,2020-06-07,0,1756
2020-06-18,2020-06-07,0,1756
2020-06-19,2020-06-07,0,1756
2020-06-20,2020-06-07,0,1756
2020-06-21,2020-06-07,0,1756
2020-06-22,2020-06-07,0,1756
2020-06-23,2020-06-07,0,1756
2020-06-24,2020-06-07,0,1756
2020-06-25,2020-06-07,0,1756
2020-06-26,2020-06-07,0,1756
2020-06-27,2020-06-07,0,1756
2020-06-28,2020-06-07,0,1756
2020-06-29,2020-06-07,0,1756
2020-06-30,2020-06-07,0,1756
2020-07-01,2020-06-07,0,1756
2020-07-02,2020-06-07,0,1756
2020-07-03,2020-06-07,0,1756
2020-07-04,2020-06-07,0,1756
2020-07-05,2020-06-07,0,1756
2020-07-06,2020-06-07,0,1756
2020-07-07,2020-06-07,0,1756
2020-03-11,2020-06-09,3,4
2020-03-12,2020-06-09,4,8
2020-03-13,2020-06-09,6,14
2020-03-14,2020-06-09,10,24
2020-03-15,2020-06-09,13,37
2020-03-16,2020-06-09,16,53
2020-03-17,2020-06-09,20,73
2020-03-18,2020-06-09,23,96
2020-03-19,2020-06-09,26,122
2020-03-20,2020-06-09,29,151
2020-03-21,2020-06-09,32,183
2020-03-22,2020-06-09,35,218
2020-03-23,2020-06-09,37,255
2020-03-24,2020-06-09,39,294
2020-03-25,2020-06-09,41,335
2020-03-26,2020-06-09,43,378
2020-03-27,2020-06-09,44,422
2020-03-28,2020-06-09,45,467
2020-03-29,2020-06-09,46,513
2020-03-30,2020-06-09,47,560
2020-03-31,2020-06-09,47,607
2020-04-01,2020-06-09,47,654
2020-04-02,2020-06-09,47,701
2020-04-03,2020-06-09,47,748
2020-04-04,2020-06-09,46,794
2020-04-05,2020-06-09,46,840
2020-04-06,2020-06-09,45,885
2020-04-07,2020-06-09,44,929
2020-04-08,2020-06-09,43,972
2020-04-09,2020-06-09,41,1013
2020-04-10,2020-06-09,40,1053
2020-04-11,2020-06-09,39,1092
2020-04-12,2020-06-09,37,1129
2020-04-13,2020-06-09,36,1165
2020-04-14,2020-06-09,34,1199
2020-04-15,2020-06-09,33,1232
2020-04-16,2020-06-09,31,1263
2020-04-17,2020-06-09,30,1293
2020-04-18,2020-06-09,28,1321
2020-04-19,2020-06-09,27,1348
2020-04-20,2020-06-09,26,1374
2020-04-21,2020-06-09,24,1398
2020-04-22,2020-06-09,23,1421
2020-04-23,2020-06-09,22,1443
2020-04-24,2020-06-09,20,1463
2020-04-25,2020-06-09,19,1482
2020-04-26,2020-06-09,18,1500
2020-04-27,2020-06-09,17,1517
2020-04-28,2020-06-09,16,1533
2020-04-29,2020-06-09,15,1548
2020-04-30,2020-06-09,14,1562
2020-05-01,2020-06-09,13,1575
2020-05-02,2020-06-09,12,1587
2020-05-03,2020-06-09,12,1599
2020-05-04,2020-06-09,11,1610
2020-05-05,2020-06-09,10,1620
2020-05-06,2020-06-09,10,1630
2020-05-07,2020-06-09,9,1639
2020-05-08,2020-06-09,8,1647
2020-05-09,2020-06-09,8,1655
2020-05-10,2020-06-09,7,1662
2020-05-11,2020-06-09,7,1669
2020-05-12,2020-06-09,6,1675
2020-05-13,2020-06-09,6,1681
2020-05-14,2020-06-09,6,1687
2020-05-15,2020-06-09,5,1692
2020-05-16,2020-06-09,5,1697
2020-05-17,2020-06-09,4,1701
2020-05-18,2020-06-09,4,1705
2020-05-19,2020-06-09,4,1709
2020-05-20,2020-06-09,4,1713
2020-05-21,2020-06-09,3,1716
2020-05-22,2020-06-09,3,1719
2020-05-23,2020-06-09,3,1722
2020-05-24,2020-06-09,3,1725
2020-05-25,2020-06-09,3,1728
2020-05-26,2020-06-09,2,1730
2020-05-27,2020-06-09,2,1732
2020-05-28,2020-06-09,2,1734
2020-05-29,2020-06-09,2,1736
2020-05-30,2020-06-09,2,1738
2020-05-31,2020-06-09,2,1740
2020-06-01,2020-06-09,2,1742
2020-06-02,2020-06-09,1,1743
2020-06-03,2020-06-09,1,1744
2020-06-04,2020-06-09,1,1745
2020-06-05,2020-06-09,1,1746
2020-06-06,2020-06-09,1,1747
2020-06-07,2020-06-09,1,1748
2020-06-08,2020-06-09,1,1749
2020-06-09,2020-06-09,1,1750
2020-06-10,2020-06-09,1,1751
2020-06-11,2020-06-09,1,1752
2020-06-12,2020-06-09,1,1753
2020-06-13,2020-06-09,1,1754
2020-06-14,2020-06-09,1,1755
2020-06-15,2020-06-09,1,1756
2020-06-16,2020-06-09,1,1757
2020-06-17,2020-06-09,0,1757
2020-06-18,2020-06-09,0,1757
2020-06-19,2020-06-09,0,1757
2020-06-20,2020-06-09,0,1757
2020-06-21,2020-06-09,0,1757
2020-06-22,2020-06-09,0,1757
2020-06-23,2020-06-09,0,1757
2020-06-24,2020-06-09,0,1757
2020-06-25,2020-06-09,0,1757
2020-06-26,2020-06-09,0,1757
2020-06-27,2020-06-09,0,1757
2020-06-28,2020-06-09,0,1757
2020-06-29,2020-06-09,0,1757
2020-06-30,2020-06-09,0,1757
2020-07-01,2020-06-09,0,1757
2020-07-02,2020-06-09,0,1757
2020-07-03,2020-06-09,0,1757
2020-07-04,2020-06-09,0,1757
2020-07-05,2020-06-09,0,1757
2020-07-06,2020-06-09,0,1757
2020-07-07,2020-06-09,0,1757
2020-07-08,2020-06-09,0,1757
2020-07-09,2020-06-09,0,1757
2020-03-11,2020-06-10,3,4
2020-03-12,2020-06-10,4,8
2020-03-13,2020-06-10,7,15
2020-03-14,2020-06-10,10,25
2020-03-15,2020-06-10,13,38
2020-03-16,2020-06-10,16,54
2020-03-17,2020-06-10,20,74
2020-03-18,2020-06-10,23,97
2020-03-19,2020-06-10,26,123
2020-03-20,2020-06-10,29,152
2020-03-21,2020-06-10,32,184
2020-03-22,2020-06-10,35,219
2020-03-23,2020-06-10,37,256
2020-03-24,2020-06-10,39,295
2020-03-25,2020-06-10,41,336
2020-03-26,2020-06-10,43,379
2020-03-27,2020-06-10,44,423
2020-03-28,2020-06-10,45,468
2020-03-29,2020-06-10,46,514
2020-03-30,2020-06-10,47,561
2020-03-31,2020-06-10,47,608
2020-04-01,2020-06-10,47,655
2020-04-02,2020-06-10,47,702
2020-04-03,2020-06-10,47,749
2020-04-04,2020-06-10,46,795
2020-04-05,2020-06-10,45,840
2020-04-06,2020-06-10,45,885
2020-04-07,2020-06-10,44,929
2020-04-08,2020-06-10,43,972
2020-04-09,2020-06-10,41,1013
2020-04-10,2020-06-10,40,1053
2020-04-11,2020-06-10,39,1092
2020-04-12,2020-06-10,37,1129
2020-04-13,2020-06-10,36,1165
2020-04-14,2020-06-10,34,1199
2020-04-15,2020-06-10,33,1232
2020-04-16,2020-06-10,31,1263
2020-04-17,2020-06-10,30,1293
2020-04-18,2020-06-10,29,1322
2020-04-19,2020-06-10,27,1349
2020-04-20,2020-06-10,26,1375
2020-04-21,2020-06-10,24,1399
2020-04-22,2020-06-10,23,1422
2020-04-23,2020-06-10,22,1444
2020-04-24,2020-06-10,21,1465
2020-04-25,2020-06-10,19,1484
2020-04-26,2020-06-10,18,1502
2020-04-27,2020-06-10,17,1519
2020-04-28,2020-06-10,16,1535
2020-04-29,2020-06-10,15,1550
2020-04-30,2020-06-10,14,1564
2020-05-01,2020-06-10,13,1577
2020-05-02,2020-06-10,13,1590
2020-05-03,2020-06-10,12,1602
2020-05-04,2020-06-10,11,1613
2020-05-05,2020-06-10,10,1623
2020-05-06,2020-06-10,10,1633
2020-05-07,2020-06-10,9,1642
2020-05-08,2020-06-10,9,1651
2020-05-09,2020-06-10,8,1659
2020-05-10,2020-06-10,7,1666
2020-05-11,2020-06-10,7,1673
2020-05-12,2020-06-10,6,1679
2020-05-13,2020-06-10,6,1685
2020-05-14,2020-06-10,6,1691
2020-05-15,2020-06-10,5,1696
2020-05-16,2020-06-10,5,1701
2020-05-17,2020-06-10,5,1706
2020-05-18,2020-06-10,4,1710
2020-05-19,2020-06-10,4,1714
2020-05-20,2020-06-10,4,1718
2020-05-21,2020-06-10,3,1721
2020-05-22,2020-06-10,3,1724
2020-05-23,2020-06-10,3,1727
2020-05-24,2020-06-10,3,1730
2020-05-25,2020-06-10,3,1733
2020-05-26,2020-06-10,2,1735
2020-05-27,2020-06-10,2,1737
2020-05-28,2020-06-10,2,1739
2020-05-29,2020-06-10,2,1741
2020-05-30,2020-06-10,2,1743
2020-05-31,2020-06-10,2,1745
2020-06-01,2020-06-10,2,1747
2020-06-02,2020-06-10,1,1748
2020-06-03,2020-06-10,1,1749
2020-06-04,2020-06-10,1,1750
2020-06-05,2020-06-10,1,1751
2020-06-06,2020-06-10,1,1752
2020-06-07,2020-06-10,1,1753
2020-06-08,2020-06-10,1,1754
2020-06-09,2020-06-10,1,1755
2020-06-10,2020-06-10,1,1756
2020-06-11,2020-06-10,1,1757
2020-06-12,2020-06-10,1,1758
2020-06-13,2020-06-10,1,1759
2020-06-14,2020-06-10,1,1760
2020-06-15,2020-06-10,1,1761
2020-06-16,2020-06-10,1,1762
2020-06-17,2020-06-10,0,1762
2020-06-18,2020-06-10,0,1762
2020-06-19,2020-06-10,0,1762
2020-06-20,2020-06-10,0,1762
2020-06-21,2020-06-10,0,1762
2020-06-22,2020-06-10,0,1762
2020-06-23,2020-06-10,0,1762
2020-06-24,2020-06-10,0,1762
2020-06-25,2020-06-10,0,1762
2020-06-26,2020-06-10,0,1762
2020-06-27,2020-06-10,0,1762
2020-06-28,2020-06-10,0,1762
2020-06-29,2020-06-10,0,1762
2020-06-30,2020-06-10,0,1762
2020-07-01,2020-06-10,0,1762
2020-07-02,2020-06-10,0,1762
2020-07-03,2020-06-10,0,1762
2020-07-04,2020-06-10,0,1762
2020-07-05,2020-06-10,0,1762
2020-07-06,2020-06-10,0,1762
2020-07-07,2020-06-10,0,1762
2020-07-08,2020-06-10,0,1762
2020-07-09,2020-06-10,0,1762
2020-07-10,2020-06-10,0,1762
2020-03-11,2020-06-11,3,4
2020-03-12,2020-06-11,4,8
2020-03-13,2020-06-11,7,15
2020-03-14,2020-06-11,10,25
2020-03-15,2020-06-11,13,38
2020-03-16,2020-06-11,16,54
2020-03-17,2020-06-11,20,74
2020-03-18,2020-06-11,23,97
2020-03-19,2020-06-11,26,123
2020-03-20,2020-06-11,29,152
2020-03-21,2020-06-11,32,184
2020-03-22,2020-06-11,35,219
2020-03-23,2020-06-11,37,256
2020-03-24,2020-06-11,39,295
2020-03-25,2020-06-11,41,336
2020-03-26,2020-06-11,43,379
2020-03-27,2020-06-11,44,423
2020-03-28,2020-06-11,45,468
2020-03-29,2020-06-11,46,514
2020-03-30,2020-06-11,47,561
2020-03-31,2020-06-11,47,608
2020-04-01,2020-06-11,47,655
2020-04-02,2020-06-11,47,702
2020-04-03,2020-06-11,47,749
2020-04-04,2020-06-11,46,795
2020-04-05,2020-06-11,45,840
2020-04-06,2020-06-11,45,885
2020-04-07,2020-06-11,44,929
2020-04-08,2020-06-11,42,971
2020-04-09,2020-06-11,41,1012
2020-04-10,2020-06-11,40,1052
2020-04-11,2020-06-11,39,1091
2020-04-12,2020-06-11,37,1128
2020-04-13,2020-06-11,36,1164
2020-04-14,2020-06-11,34,1198
2020-04-15,2020-06-11,33,1231
2020-04-16,2020-06-11,31,1262
2020-04-17,2020-06-11,30,1292
2020-04-18,2020-06-11,29,1321
2020-04-19,2020-06-11,27,1348
2020-04-20,2020-06-11,26,1374
2020-04-21,2020-06-11,24,1398
2020-04-22,2020-06-11,23,1421
2020-04-23,2020-06-11,22,1443
2020-04-24,2020-06-11,21,1464
2020-04-25,2020-06-11,19,1483
2020-04-26,2020-06-11,18,1501
2020-04-27,2020-06-11,17,1518
2020-04-28,2020-06-11,16,1534
2020-04-29,2020-06-11,15,1549
2020-04-30,2020-06-11,14,1563
2020-05-01,2020-06-11,13,1576
2020-05-02,2020-06-11,13,1589
2020-05-03,2020-06-11,12,1601
2020-05-04,2020-06-11,11,1612
2020-05-05,2020-06-11,10,1622
2020-05-06,2020-06-11,10,1632
2020-05-07,2020-06-11,9,1641
2020-05-08,2020-06-11,9,1650
2020-05-09,2020-06-11,8,1658
2020-05-10,2020-06-11,7,1665
2020-05-11,2020-06-11,7,1672
2020-05-12,2020-06-11,7,1679
2020-05-13,2020-06-11,6,1685
2020-05-14,2020-06-11,6,1691
2020-05-15,2020-06-11,5,1696
2020-05-16,2020-06-11,5,1701
2020-05-17,2020-06-11,5,1706
2020-05-18,2020-06-11,4,1710
2020-05-19,2020-06-11,4,1714
2020-05-20,2020-06-11,4,1718
2020-05-21,2020-06-11,3,1721
2020-05-22,2020-06-11,3,1724
2020-05-23,2020-06-11,3,1727
2020-05-24,2020-06-11,3,1730
2020-05-25,2020-06-11,3,1733
2020-05-26,2020-06-11,2,1735
2020-05-27,2020-06-11,2,1737
2020-05-28,2020-06-11,2,1739
2020-05-29,2020-06-11,2,1741
2020-05-30,2020-06-11,2,1743
2020-05-31,2020-06-11,2,1745
2020-06-01,2020-06-11,2,1747
2020-06-02,2020-06-11,1,1748
2020-06-03,2020-06-11,1,1749
2020-06-04,2020-06-11,1,1750
2020-06-05,2020-06-11,1,1751
2020-06-06,2020-06-11,1,1752
2020-06-07,2020-06-11,1,1753
2020-06-08,2020-06-11,1,1754
2020-06-09,2020-06-11,1,1755
2020-06-10,2020-06-11,1,1756
2020-06-11,2020-06-11,1,1757
2020-06-12,2020-06-11,1,1758
2020-06-13,2020-06-11,1,1759
2020-06-14,2020-06-11,1,1760
2020-06-15,2020-06-11,1,1761
2020-06-16,2020-06-11,1,1762
2020-06-17,2020-06-11,0,1762
2020-06-18,2020-06-11,0,1762
2020-06-19,2020-06-11,0,1762
2020-06-20,2020-06-11,0,1762
2020-06-21,2020-06-11,0,1762
2020-06-22,2020-06-11,0,1762
2020-06-23,2020-06-11,0,1762
2020-06-24,2020-06-11,0,1762
2020-06-25,2020-06-11,0,1762
2020-06-26,2020-06-11,0,1762
2020-06-27,2020-06-11,0,1762
2020-06-28,2020-06-11,0,1762
2020-06-29,2020-06-11,0,1762
2020-06-30,2020-06-11,0,1762
2020-07-01,2020-06-11,0,1762
2020-07-02,2020-06-11,0,1762
2020-07-03,2020-06-11,0,1762
2020-07-04,2020-06-11,0,1762
2020-07-05,2020-06-11,0,1762
2020-07-06,2020-06-11,0,1762
2020-07-07,2020-06-11,0,1762
2020-07-08,2020-06-11,0,1762
2020-07-09,2020-06-11,0,1762
2020-07-10,2020-06-11,0,1762
2020-07-11,2020-06-11,0,1762
2020-03-11,2020-06-12,3,4
2020-03-12,2020-06-12,4,8
2020-03-13,2020-06-12,7,15
2020-03-14,2020-06-12,10,25
2020-03-15,2020-06-12,13,38
2020-03-16,2020-06-12,16,54
2020-03-17,2020-06-12,20,74
2020-03-18,2020-06-12,23,97
2020-03-19,2020-06-12,26,123
2020-03-20,2020-06-12,29,152
2020-03-21,2020-06-12,32,184
2020-03-22,2020-06-12,35,219
2020-03-23,2020-06-12,37,256
2020-03-24,2020-06-12,39,295
2020-03-25,2020-06-12,41,336
2020-03-26,2020-06-12,43,379
2020-03-27,2020-06-12,44,423
2020-03-28,2020-06-12,45,468
2020-03-29,2020-06-12,46,514
2020-03-30,2020-06-12,47,561
2020-03-31,2020-06-12,47,608
2020-04-01,2020-06-12,47,655
2020-04-02,2020-06-12,47,702
2020-04-03,2020-06-12,47,749
2020-04-04,2020-06-12,46,795
2020-04-05,2020-06-12,45,840
2020-04-06,2020-06-12,45,885
2020-04-07,2020-06-12,44,929
2020-04-08,2020-06-12,42,971
2020-04-09,2020-06-12,41,1012
2020-04-10,2020-06-12,40,1052
2020-04-11,2020-06-12,39,1091
2020-04-12,2020-06-12,37,1128
2020-04-13,2020-06-12,36,1164
2020-04-14,2020-06-12,34,1198
2020-04-15,2020-06-12,33,1231
2020-04-16,2020-06-12,31,1262
2020-04-17,2020-06-12,30,1292
2020-04-18,2020-06-12,29,1321
2020-04-19,2020-06-12,27,1348
2020-04-20,2020-06-12,26,1374
2020-04-21,2020-06-12,24,1398
2020-04-22,2020-06-12,23,1421
2020-04-23,2020-06-12,22,1443
2020-04-24,2020-06-12,21,1464
2020-04-25,2020-06-12,20,1484
2020-04-26,2020-06-12,18,1502
2020-04-27,2020-06-12,17,1519
2020-04-28,2020-06-12,16,1535
2020-04-29,2020-06-12,15,1550
2020-04-30,2020-06-12,14,1564
2020-05-01,2020-06-12,14,1578
2020-05-02,2020-06-12,13,1591
2020-05-03,2020-06-12,12,1603
2020-05-04,2020-06-12,11,1614
2020-05-05,2020-06-12,10,1624
2020-05-06,2020-06-12,10,1634
2020-05-07,2020-06-12,9,1643
2020-05-08,2020-06-12,9,1652
2020-05-09,2020-06-12,8,1660
2020-05-10,2020-06-12,7,1667
2020-05-11,2020-06-12,7,1674
2020-05-12,2020-06-12,7,1681
2020-05-13,2020-06-12,6,1687
2020-05-14,2020-06-12,6,1693
2020-05-15,2020-06-12,5,1698
2020-05-16,2020-06-12,5,1703
2020-05-17,2020-06-12,5,1708
2020-05-18,2020-06-12,4,1712
2020-05-19,2020-06-12,4,1716
2020-05-20,2020-06-12,4,1720
2020-05-21,2020-06-12,3,1723
2020-05-22,2020-06-12,3,1726
2020-05-23,2020-06-12,3,1729
2020-05-24,2020-06-12,3,1732
2020-05-25,2020-06-12,3,1735
2020-05-26,2020-06-12,2,1737
2020-05-27,2020-06-12,2,1739
2020-05-28,2020-06-12,2,1741
2020-05-29,2020-06-12,2,1743
2020-05-30,2020-06-12,2,1745
2020-05-31,2020-06-12,2,1747
2020-06-01,2020-06-12,2,1749
2020-06-02,2020-06-12,1,1750
2020-06-03,2020-06-12,1,1751
2020-06-04,2020-06-12,1,1752
2020-06-05,2020-06-12,1,1753
2020-06-06,2020-06-12,1,1754
2020-06-07,2020-06-12,1,1755
2020-06-08,2020-06-12,1,1756
2020-06-09,2020-06-12,1,1757
2020-06-10,2020-06-12,1,1758
2020-06-11,2020-06-12,1,1759
2020-06-12,2020-06-12,1,1760
2020-06-13,2020-06-12,1,1761
2020-06-14,2020-06-12,1,1762
2020-06-15,2020-06-12,1,1763
2020-06-16,2020-06-12,1,1764
2020-06-17,2020-06-12,1,1765
2020-06-18,2020-06-12,0,1765
2020-06-19,2020-06-12,0,1765
2020-06-20,2020-06-12,0,1765
2020-06-21,2020-06-12,0,1765
2020-06-22,2020-06-12,0,1765
2020-06-23,2020-06-12,0,1765
2020-06-24,2020-06-12,0,1765
2020-06-25,2020-06-12,0,1765
2020-06-26,2020-06-12,0,1765
2020-06-27,2020-06-12,0,1765
2020-06-28,2020-06-12,0,1765
2020-06-29,2020-06-12,0,1765
2020-06-30,2020-06-12,0,1765
2020-07-01,2020-06-12,0,1765
2020-07-02,2020-06-12,0,1765
2020-07-03,2020-06-12,0,1765
2020-07-04,2020-06-12,0,1765
2020-07-05,2020-06-12,0,1765
2020-07-06,2020-06-12,0,1765
2020-07-07,2020-06-12,0,1765
2020-07-08,2020-06-12,0,1765
2020-07-09,2020-06-12,0,1765
2020-07-10,2020-06-12,0,1765
2020-07-11,2020-06-12,0,1765
2020-07-12,2020-06-12,0,1765
2020-03-11,2020-06-13,3,4
2020-03-12,2020-06-13,4,8
2020-03-13,2020-06-13,7,15
2020-03-14,2020-06-13,10,25
2020-03-15,2020-06-13,13,38
2020-03-16,2020-06-13,16,54
2020-03-17,2020-06-13,20,74
2020-03-18,2020-06-13,23,97
2020-03-19,2020-06-13,26,123
2020-03-20,2020-06-13,29,152
2020-03-21,2020-06-13,32,184
2020-03-22,2020-06-13,35,219
2020-03-23,2020-06-13,37,256
2020-03-24,2020-06-13,39,295
2020-03-25,2020-06-13,41,336
2020-03-26,2020-06-13,43,379
2020-03-27,2020-06-13,44,423
2020-03-28,2020-06-13,45,468
2020-03-29,2020-06-13,46,514
2020-03-30,2020-06-13,47,561
2020-03-31,2020-06-13,47,608
2020-04-01,2020-06-13,47,655
2020-04-02,2020-06-13,47,702
2020-04-03,2020-06-13,47,749
2020-04-04,2020-06-13,46,795
2020-04-05,2020-06-13,45,840
2020-04-06,2020-06-13,45,885
2020-04-07,2020-06-13,44,929
2020-04-08,2020-06-13,42,971
2020-04-09,2020-06-13,41,1012
2020-04-10,2020-06-13,40,1052
2020-04-11,2020-06-13,39,1091
2020-04-12,2020-06-13,37,1128
2020-04-13,2020-06-13,36,1164
2020-04-14,2020-06-13,34,1198
2020-04-15,2020-06-13,33,1231
2020-04-16,2020-06-13,31,1262
2020-04-17,2020-06-13,30,1292
2020-04-18,2020-06-13,29,1321
2020-04-19,2020-06-13,27,1348
2020-04-20,2020-06-13,26,1374
2020-04-21,2020-06-13,24,1398
2020-04-22,2020-06-13,23,1421
2020-04-23,2020-06-13,22,1443
2020-04-24,2020-06-13,21,1464
2020-04-25,2020-06-13,20,1484
2020-04-26,2020-06-13,18,1502
2020-04-27,2020-06-13,17,1519
2020-04-28,2020-06-13,16,1535
2020-04-29,2020-06-13,15,1550
2020-04-30,2020-06-13,14,1564
2020-05-01,2020-06-13,14,1578
2020-05-02,2020-06-13,13,1591
2020-05-03,2020-06-13,12,1603
2020-05-04,2020-06-13,11,1614
2020-05-05,2020-06-13,10,1624
2020-05-06,2020-06-13,10,1634
2020-05-07,2020-06-13,9,1643
2020-05-08,2020-06-13,9,1652
2020-05-09,2020-06-13,8,1660
2020-05-10,2020-06-13,8,1668
2020-05-11,2020-06-13,7,1675
2020-05-12,2020-06-13,7,1682
2020-05-13,2020-06-13,6,1688
2020-05-14,2020-06-13,6,1694
2020-05-15,2020-06-13,5,1699
2020-05-16,2020-06-13,5,1704
2020-05-17,2020-06-13,5,1709
2020-05-18,2020-06-13,4,1713
2020-05-19,2020-06-13,4,1717
2020-05-20,2020-06-13,4,1721
2020-05-21,2020-06-13,4,1725
2020-05-22,2020-06-13,3,1728
2020-05-23,2020-06-13,3,1731
2020-05-24,2020-06-13,3,1734
2020-05-25,2020-06-13,3,1737
2020-05-26,2020-06-13,2,1739
2020-05-27,2020-06-13,2,1741
2020-05-28,2020-06-13,2,1743
2020-05-29,2020-06-13,2,1745
2020-05-30,2020-06-13,2,1747
2020-05-31,2020-06-13,2,1749
2020-06-01,2020-06-13,2,1751
2020-06-02,2020-06-13,1,1752
2020-06-03,2020-06-13,1,1753
2020-06-04,2020-06-13,1,1754
2020-06-05,2020-06-13,1,1755
2020-06-06,2020-06-13,1,1756
2020-06-07,2020-06-13,1,1757
2020-06-08,2020-06-13,1,1758
2020-06-09,2020-06-13,1,1759
2020-06-10,2020-06-13,1,1760
2020-06-11,2020-06-13,1,1761
2020-06-12,2020-06-13,1,1762
2020-06-13,2020-06-13,1,1763
2020-06-14,2020-06-13,1,1764
2020-06-15,2020-06-13,1,1765
2020-06-16,2020-06-13,1,1766
2020-06-17,2020-06-13,1,1767
2020-06-18,2020-06-13,0,1767
2020-06-19,2020-06-13,0,1767
2020-06-20,2020-06-13,0,1767
2020-06-21,2020-06-13,0,1767
2020-06-22,2020-06-13,0,1767
2020-06-23,2020-06-13,0,1767
2020-06-24,2020-06-13,0,1767
2020-06-25,2020-06-13,0,1767
2020-06-26,2020-06-13,0,1767
2020-06-27,2020-06-13,0,1767
2020-06-28,2020-06-13,0,1767
2020-06-29,2020-06-13,0,1767
2020-06-30,2020-06-13,0,1767
2020-07-01,2020-06-13,0,1767
2020-07-02,2020-06-13,0,1767
2020-07-03,2020-06-13,0,1767
2020-07-04,2020-06-13,0,1767
2020-07-05,2020-06-13,0,1767
2020-07-06,2020-06-13,0,1767
2020-07-07,2020-06-13,0,1767
2020-07-08,2020-06-13,0,1767
2020-07-09,2020-06-13,0,1767
2020-07-10,2020-06-13,0,1767
2020-07-11,2020-06-13,0,1767
2020-07-12,2020-06-13,0,1767
2020-07-13,2020-06-13,0,1767
2020-03-11,2020-06-14,3,4
2020-03-12,2020-06-14,4,8
2020-03-13,2020-06-14,7,15
2020-03-14,2020-06-14,10,25
2020-03-15,2020-06-14,13,38
2020-03-16,2020-06-14,16,54
2020-03-17,2020-06-14,20,74
2020-03-18,2020-06-14,23,97
2020-03-19,2020-06-14,26,123
2020-03-20,2020-06-14,29,152
2020-03-21,2020-06-14,32,184
2020-03-22,2020-06-14,35,219
2020-03-23,2020-06-14,37,256
2020-03-24,2020-06-14,39,295
2020-03-25,2020-06-14,41,336
2020-03-26,2020-06-14,43,379
2020-03-27,2020-06-14,44,423
2020-03-28,2020-06-14,45,468
2020-03-29,2020-06-14,46,514
2020-03-30,2020-06-14,47,561
2020-03-31,2020-06-14,47,608
2020-04-01,2020-06-14,47,655
2020-04-02,2020-06-14,47,702
2020-04-03,2020-06-14,47,749
2020-04-04,2020-06-14,46,795
2020-04-05,2020-06-14,45,840
2020-04-06,2020-06-14,45,885
2020-04-07,2020-06-14,44,929
2020-04-08,2020-06-14,42,971
2020-04-09,2020-06-14,41,1012
2020-04-10,2020-06-14,40,1052
2020-04-11,2020-06-14,39,1091
2020-04-12,2020-06-14,37,1128
2020-04-13,2020-06-14,36,1164
2020-04-14,2020-06-14,34,1198
2020-04-15,2020-06-14,33,1231
2020-04-16,2020-06-14,31,1262
2020-04-17,2020-06-14,30,1292
2020-04-18,2020-06-14,29,1321
2020-04-19,2020-06-14,27,1348
2020-04-20,2020-06-14,26,1374
2020-04-21,2020-06-14,25,1399
2020-04-22,2020-06-14,23,1422
2020-04-23,2020-06-14,22,1444
2020-04-24,2020-06-14,21,1465
2020-04-25,2020-06-14,20,1485
2020-04-26,2020-06-14,18,1503
2020-04-27,2020-06-14,17,1520
2020-04-28,2020-06-14,16,1536
2020-04-29,2020-06-14,15,1551
2020-04-30,2020-06-14,14,1565
2020-05-01,2020-06-14,14,1579
2020-05-02,2020-06-14,13,1592
2020-05-03,2020-06-14,12,1604
2020-05-04,2020-06-14,11,1615
2020-05-05,2020-06-14,11,1626
2020-05-06,2020-06-14,10,1636
2020-05-07,2020-06-14,9,1645
2020-05-08,2020-06-14,9,1654
2020-05-09,2020-06-14,8,1662
2020-05-10,2020-06-14,8,1670
2020-05-11,2020-06-14,7,1677
2020-05-12,2020-06-14,7,1684
2020-05-13,2020-06-14,6,1690
2020-05-14,2020-06-14,6,1696
2020-05-15,2020-06-14,5,1701
2020-05-16,2020-06-14,5,1706
2020-05-17,2020-06-14,5,1711
2020-05-18,2020-06-14,4,1715
2020-05-19,2020-06-14,4,1719
2020-05-20,2020-06-14,4,1723
2020-05-21,2020-06-14,4,1727
2020-05-22,2020-06-14,3,1730
2020-05-23,2020-06-14,3,1733
2020-05-24,2020-06-14,3,1736
2020-05-25,2020-06-14,3,1739
2020-05-26,2020-06-14,2,1741
2020-05-27,2020-06-14,2,1743
2020-05-28,2020-06-14,2,1745
2020-05-29,2020-06-14,2,1747
2020-05-30,2020-06-14,2,1749
2020-05-31,2020-06-14,2,1751
2020-06-01,2020-06-14,2,1753
2020-06-02,2020-06-14,2,1755
2020-06-03,2020-06-14,1,1756
2020-06-04,2020-06-14,1,1757
2020-06-05,2020-06-14,1,1758
2020-06-06,2020-06-14,1,1759
2020-06-07,2020-06-14,1,1760
2020-06-08,2020-06-14,1,1761
2020-06-09,2020-06-14,1,1762
2020-06-10,2020-06-14,1,1763
2020-06-11,2020-06-14,1,1764
2020-06-12,2020-06-14,1,1765
2020-06-13,2020-06-14,1,1766
2020-06-14,2020-06-14,1,1767
2020-06-15,2020-06-14,1,1768
2020-06-16,2020-06-14,1,1769
2020-06-17,2020-06-14,1,1770
2020-06-18,2020-06-14,0,1770
2020-06-19,2020-06-14,0,1770
2020-06-20,2020-06-14,0,1770
2020-06-21,2020-06-14,0,1770
2020-06-22,2020-06-14,0,1770
2020-06-23,2020-06-14,0,1770
2020-06-24,2020-06-14,0,1770
2020-06-25,2020-06-14,0,1770
2020-06-26,2020-06-14,0,1770
2020-06-27,2020-06-14,0,1770
2020-06-28,2020-06-14,0,1770
2020-06-29,2020-06-14,0,1770
2020-06-30,2020-06-14,0,1770
2020-07-01,2020-06-14,0,1770
2020-07-02,2020-06-14,0,1770
2020-07-03,2020-06-14,0,1770
2020-07-04,2020-06-14,0,1770
2020-07-05,2020-06-14,0,1770
2020-07-06,2020-06-14,0,1770
2020-07-07,2020-06-14,0,1770
2020-07-08,2020-06-14,0,1770
2020-07-09,2020-06-14,0,1770
2020-07-10,2020-06-14,0,1770
2020-07-11,2020-06-14,0,1770
2020-07-12,2020-06-14,0,1770
2020-07-13,2020-06-14,0,1770
2020-07-14,2020-06-14,0,1770
2020-03-11,2020-06-15,3,4
2020-03-12,2020-06-15,4,8
2020-03-13,2020-06-15,7,15
2020-03-14,2020-06-15,10,25
2020-03-15,2020-06-15,13,38
2020-03-16,2020-06-15,16,54
2020-03-17,2020-06-15,20,74
2020-03-18,2020-06-15,23,97
2020-03-19,2020-06-15,26,123
2020-03-20,2020-06-15,29,152
2020-03-21,2020-06-15,32,184
2020-03-22,2020-06-15,35,219
2020-03-23,2020-06-15,37,256
2020-03-24,2020-06-15,39,295
2020-03-25,2020-06-15,41,336
2020-03-26,2020-06-15,43,379
2020-03-27,2020-06-15,44,423
2020-03-28,2020-06-15,45,468
2020-03-29,2020-06-15,46,514
2020-03-30,2020-06-15,47,561
2020-03-31,2020-06-15,47,608
2020-04-01,2020-06-15,47,655
2020-04-02,2020-06-15,47,702
2020-04-03,2020-06-15,47,749
2020-04-04,2020-06-15,46,795
2020-04-05,2020-06-15,45,840
2020-04-06,2020-06-15,45,885
2020-04-07,2020-06-15,44,929
2020-04-08,2020-06-15,42,971
2020-04-09,2020-06-15,41,1012
2020-04-10,2020-06-15,40,1052
2020-04-11,2020-06-15,39,1091
2020-04-12,2020-06-15,37,1128
2020-04-13,2020-06-15,36,1164
2020-04-14,2020-06-15,34,1198
2020-04-15,2020-06-15,33,1231
2020-04-16,2020-06-15,31,1262
2020-04-17,2020-06-15,30,1292
2020-04-18,2020-06-15,29,1321
2020-04-19,2020-06-15,27,1348
2020-04-20,2020-06-15,26,1374
2020-04-21,2020-06-15,25,1399
2020-04-22,2020-06-15,23,1422
2020-04-23,2020-06-15,22,1444
2020-04-24,2020-06-15,21,1465
2020-04-25,2020-06-15,20,1485
2020-04-26,2020-06-15,18,1503
2020-04-27,2020-06-15,17,1520
2020-04-28,2020-06-15,16,1536
2020-04-29,2020-06-15,15,1551
2020-04-30,2020-06-15,14,1565
2020-05-01,2020-06-15,14,1579
2020-05-02,2020-06-15,13,1592
2020-05-03,2020-06-15,12,1604
2020-05-04,2020-06-15,11,1615
2020-05-05,2020-06-15,11,1626
2020-05-06,2020-06-15,10,1636
2020-05-07,2020-06-15,9,1645
2020-05-08,2020-06-15,9,1654
2020-05-09,2020-06-15,8,1662
2020-05-10,2020-06-15,8,1670
2020-05-11,2020-06-15,7,1677
2020-05-12,2020-06-15,7,1684
2020-05-13,2020-06-15,6,1690
2020-05-14,2020-06-15,6,1696
2020-05-15,2020-06-15,5,1701
2020-05-16,2020-06-15,5,1706
2020-05-17,2020-06-15,5,1711
2020-05-18,2020-06-15,4,1715
2020-05-19,2020-06-15,4,1719
2020-05-20,2020-06-15,4,1723
2020-05-21,2020-06-15,4,1727
2020-05-22,2020-06-15,3,1730
2020-05-23,2020-06-15,3,1733
2020-05-24,2020-06-15,3,1736
2020-05-25,2020-06-15,3,1739
2020-05-26,2020-06-15,2,1741
2020-05-27,2020-06-15,2,1743
2020-05-28,2020-06-15,2,1745
2020-05-29,2020-06-15,2,1747
2020-05-30,2020-06-15,2,1749
2020-05-31,2020-06-15,2,1751
2020-06-01,2020-06-15,2,1753
2020-06-02,2020-06-15,2,1755
2020-06-03,2020-06-15,1,1756
2020-06-04,2020-06-15,1,1757
2020-06-05,2020-06-15,1,1758
2020-06-06,2020-06-15,1,1759
2020-06-07,2020-06-15,1,1760
2020-06-08,2020-06-15,1,1761
2020-06-09,2020-06-15,1,1762
2020-06-10,2020-06-15,1,1763
2020-06-11,2020-06-15,1,1764
2020-06-12,2020-06-15,1,1765
2020-06-13,2020-06-15,1,1766
2020-06-14,2020-06-15,1,1767
2020-06-15,2020-06-15,1,1768
2020-06-16,2020-06-15,1,1769
2020-06-17,2020-06-15,1,1770
2020-06-18,2020-06-15,0,1770
2020-06-19,2020-06-15,0,1770
2020-06-20,2020-06-15,0,1770
2020-06-21,2020-06-15,0,1770
2020-06-22,2020-06-15,0,1770
2020-06-23,2020-06-15,0,1770
2020-06-24,2020-06-15,0,1770
2020-06-25,2020-06-15,0,1770
2020-06-26,2020-06-15,0,1770
2020-06-27,2020-06-15,0,1770
2020-06-28,2020-06-15,0,1770
2020-06-29,2020-06-15,0,1770
2020-06-30,2020-06-15,0,1770
2020-07-01,2020-06-15,0,1770
2020-07-02,2020-06-15,0,1770
2020-07-03,2020-06-15,0,1770
2020-07-04,2020-06-15,0,1770
2020-07-05,2020-06-15,0,1770
2020-07-06,2020-06-15,0,1770
2020-07-07,2020-06-15,0,1770
2020-07-08,2020-06-15,0,1770
2020-07-09,2020-06-15,0,1770
2020-07-10,2020-06-15,0,1770
2020-07-11,2020-06-15,0,1770
2020-07-12,2020-06-15,0,1770
2020-07-13,2020-06-15,0,1770
2020-07-14,2020-06-15,0,1770
2020-07-15,2020-06-15,0,1770
2020-03-11,2020-06-16,3,4
2020-03-12,2020-06-16,4,8
2020-03-13,2020-06-16,7,15
2020-03-14,2020-06-16,10,25
2020-03-15,2020-06-16,13,38
2020-03-16,2020-06-16,16,54
2020-03-17,2020-06-16,20,74
2020-03-18,2020-06-16,23,97
2020-03-19,2020-06-16,26,123
2020-03-20,2020-06-16,29,152
2020-03-21,2020-06-16,32,184
2020-03-22,2020-06-16,35,219
2020-03-23,2020-06-16,37,256
2020-03-24,2020-06-16,39,295
2020-03-25,2020-06-16,41,336
2020-03-26,2020-06-16,43,379
2020-03-27,2020-06-16,44,423
2020-03-28,2020-06-16,45,468
2020-03-29,2020-06-16,46,514
2020-03-30,2020-06-16,47,561
2020-03-31,2020-06-16,47,608
2020-04-01,2020-06-16,47,655
2020-04-02,2020-06-16,47,702
2020-04-03,2020-06-16,47,749
2020-04-04,2020-06-16,46,795
2020-04-05,2020-06-16,45,840
2020-04-06,2020-06-16,45,885
2020-04-07,2020-06-16,44,929
2020-04-08,2020-06-16,42,971
2020-04-09,2020-06-16,41,1012
2020-04-10,2020-06-16,40,1052
2020-04-11,2020-06-16,39,1091
2020-04-12,2020-06-16,37,1128
2020-04-13,2020-06-16,36,1164
2020-04-14,2020-06-16,34,1198
2020-04-15,2020-06-16,33,1231
2020-04-16,2020-06-16,31,1262
2020-04-17,2020-06-16,30,1292
2020-04-18,2020-06-16,29,1321
2020-04-19,2020-06-16,27,1348
2020-04-20,2020-06-16,26,1374
2020-04-21,2020-06-16,25,1399
2020-04-22,2020-06-16,23,1422
2020-04-23,2020-06-16,22,1444
2020-04-24,2020-06-16,21,1465
2020-04-25,2020-06-16,20,1485
2020-04-26,2020-06-16,18,1503
2020-04-27,2020-06-16,17,1520
2020-04-28,2020-06-16,16,1536
2020-04-29,2020-06-16,15,1551
2020-04-30,2020-06-16,14,1565
2020-05-01,2020-06-16,14,1579
2020-05-02,2020-06-16,13,1592
2020-05-03,2020-06-16,12,1604
2020-05-04,2020-06-16,11,1615
2020-05-05,2020-06-16,11,1626
2020-05-06,2020-06-16,10,1636
2020-05-07,2020-06-16,9,1645
2020-05-08,2020-06-16,9,1654
2020-05-09,2020-06-16,8,1662
2020-05-10,2020-06-16,8,1670
2020-05-11,2020-06-16,7,1677
2020-05-12,2020-06-16,7,1684
2020-05-13,2020-06-16,6,1690
2020-05-14,2020-06-16,6,1696
2020-05-15,2020-06-16,5,1701
2020-05-16,2020-06-16,5,1706
2020-05-17,2020-06-16,5,1711
2020-05-18,2020-06-16,4,1715
2020-05-19,2020-06-16,4,1719
2020-05-20,2020-06-16,4,1723
2020-05-21,2020-06-16,4,1727
2020-05-22,2020-06-16,3,1730
2020-05-23,2020-06-16,3,1733
2020-05-24,2020-06-16,3,1736
2020-05-25,2020-06-16,3,1739
2020-05-26,2020-06-16,2,1741
2020-05-27,2020-06-16,2,1743
2020-05-28,2020-06-16,2,1745
2020-05-29,2020-06-16,2,1747
2020-05-30,2020-06-16,2,1749
2020-05-31,2020-06-16,2,1751
2020-06-01,2020-06-16,2,1753
2020-06-02,2020-06-16,2,1755
2020-06-03,2020-06-16,1,1756
2020-06-04,2020-06-16,1,1757
2020-06-05,2020-06-16,1,1758
2020-06-06,2020-06-16,1,1759
2020-06-07,2020-06-16,1,1760
2020-06-08,2020-06-16,1,1761
2020-06-09,2020-06-16,1,1762
2020-06-10,2020-06-16,1,1763
2020-06-11,2020-06-16,1,1764
2020-06-12,2020-06-16,1,1765
2020-06-13,2020-06-16,1,1766
2020-06-14,2020-06-16,1,1767
2020-06-15,2020-06-16,1,1768
2020-06-16,2020-06-16,1,1769
2020-06-17,2020-06-16,1,1770
2020-06-18,2020-06-16,0,1770
2020-06-19,2020-06-16,0,1770
2020-06-20,2020-06-16,0,1770
2020-06-21,2020-06-16,0,1770
2020-06-22,2020-06-16,0,1770
2020-06-23,2020-06-16,0,1770
2020-06-24,2020-06-16,0,1770
2020-06-25,2020-06-16,0,1770
2020-06-26,2020-06-16,0,1770
2020-06-27,2020-06-16,0,1770
2020-06-28,2020-06-16,0,1770
2020-06-29,2020-06-16,0,1770
2020-06-30,2020-06-16,0,1770
2020-07-01,2020-06-16,0,1770
2020-07-02,2020-06-16,0,1770
2020-07-03,2020-06-16,0,1770
2020-07-04,2020-06-16,0,1770
2020-07-05,2020-06-16,0,1770
2020-07-06,2020-06-16,0,1770
2020-07-07,2020-06-16,0,1770
2020-07-08,2020-06-16,0,1770
2020-07-09,2020-06-16,0,1770
2020-07-10,2020-06-16,0,1770
2020-07-11,2020-06-16,0,1770
2020-07-12,2020-06-16,0,1770
2020-07-13,2020-06-16,0,1770
2020-07-14,2020-06-16,0,1770
2020-07-15,2020-06-16,0,1770
2020-07-16,2020-06-16,0,1770
2020-03-11,2020-06-17,3,4
2020-03-12,2020-06-17,4,8
2020-03-13,2020-06-17,7,15
2020-03-14,2020-06-17,10,25
2020-03-15,2020-06-17,13,38
2020-03-16,2020-06-17,16,54
2020-03-17,2020-06-17,20,74
2020-03-18,2020-06-17,23,97
2020-03-19,2020-06-17,26,123
2020-03-20,2020-06-17,29,152
2020-03-21,2020-06-17,32,184
2020-03-22,2020-06-17,35,219
2020-03-23,2020-06-17,37,256
2020-03-24,2020-06-17,39,295
2020-03-25,2020-06-17,41,336
2020-03-26,2020-06-17,43,379
2020-03-27,2020-06-17,44,423
2020-03-28,2020-06-17,45,468
2020-03-29,2020-06-17,46,514
2020-03-30,2020-06-17,47,561
2020-03-31,2020-06-17,47,608
2020-04-01,2020-06-17,47,655
2020-04-02,2020-06-17,47,702
2020-04-03,2020-06-17,47,749
2020-04-04,2020-06-17,46,795
2020-04-05,2020-06-17,45,840
2020-04-06,2020-06-17,45,885
2020-04-07,2020-06-17,44,929
2020-04-08,2020-06-17,42,971
2020-04-09,2020-06-17,41,1012
2020-04-10,2020-06-17,40,1052
2020-04-11,2020-06-17,39,1091
2020-04-12,2020-06-17,37,1128
2020-04-13,2020-06-17,36,1164
2020-04-14,2020-06-17,34,1198
2020-04-15,2020-06-17,33,1231
2020-04-16,2020-06-17,32,1263
2020-04-17,2020-06-17,30,1293
2020-04-18,2020-06-17,29,1322
2020-04-19,2020-06-17,27,1349
2020-04-20,2020-06-17,26,1375
2020-04-21,2020-06-17,25,1400
2020-04-22,2020-06-17,23,1423
2020-04-23,2020-06-17,22,1445
2020-04-24,2020-06-17,21,1466
2020-04-25,2020-06-17,20,1486
2020-04-26,2020-06-17,19,1505
2020-04-27,2020-06-17,17,1522
2020-04-28,2020-06-17,16,1538
2020-04-29,2020-06-17,15,1553
2020-04-30,2020-06-17,15,1568
2020-05-01,2020-06-17,14,1582
2020-05-02,2020-06-17,13,1595
2020-05-03,2020-06-17,12,1607
2020-05-04,2020-06-17,11,1618
2020-05-05,2020-06-17,11,1629
2020-05-06,2020-06-17,10,1639
2020-05-07,2020-06-17,9,1648
2020-05-08,2020-06-17,9,1657
2020-05-09,2020-06-17,8,1665
2020-05-10,2020-06-17,8,1673
2020-05-11,2020-06-17,7,1680
2020-05-12,2020-06-17,7,1687
2020-05-13,2020-06-17,6,1693
2020-05-14,2020-06-17,6,1699
2020-05-15,2020-06-17,5,1704
2020-05-16,2020-06-17,5,1709
2020-05-17,2020-06-17,5,1714
2020-05-18,2020-06-17,4,1718
2020-05-19,2020-06-17,4,1722
2020-05-20,2020-06-17,4,1726
2020-05-21,2020-06-17,4,1730
2020-05-22,2020-06-17,3,1733
2020-05-23,2020-06-17,3,1736
2020-05-24,2020-06-17,3,1739
2020-05-25,2020-06-17,3,1742
2020-05-26,2020-06-17,2,1744
2020-05-27,2020-06-17,2,1746
2020-05-28,2020-06-17,2,1748
2020-05-29,2020-06-17,2,1750
2020-05-30,2020-06-17,2,1752
2020-05-31,2020-06-17,2,1754
2020-06-01,2020-06-17,2,1756
2020-06-02,2020-06-17,2,1758
2020-06-03,2020-06-17,1,1759
2020-06-04,2020-06-17,1,1760
2020-06-05,2020-06-17,1,1761
2020-06-06,2020-06-17,1,1762
2020-06-07,2020-06-17,1,1763
2020-06-08,2020-06-17,1,1764
2020-06-09,2020-06-17,1,1765
2020-06-10,2020-06-17,1,1766
2020-06-11,2020-06-17,1,1767
2020-06-12,2020-06-17,1,1768
2020-06-13,2020-06-17,1,1769
2020-06-14,2020-06-17,1,1770
2020-06-15,2020-06-17,1,1771
2020-06-16,2020-06-17,1,1772
2020-06-17,2020-06-17,1,1773
2020-06-18,2020-06-17,0,1773
2020-06-19,2020-06-17,0,1773
2020-06-20,2020-06-17,0,1773
2020-06-21,2020-06-17,0,1773
2020-06-22,2020-06-17,0,1773
2020-06-23,2020-06-17,0,1773
2020-06-24,2020-06-17,0,1773
2020-06-25,2020-06-17,0,1773
2020-06-26,2020-06-17,0,1773
2020-06-27,2020-06-17,0,1773
2020-06-28,2020-06-17,0,1773
2020-06-29,2020-06-17,0,1773
2020-06-30,2020-06-17,0,1773
2020-07-01,2020-06-17,0,1773
2020-07-02,2020-06-17,0,1773
2020-07-03,2020-06-17,0,1773
2020-07-04,2020-06-17,0,1773
2020-07-05,2020-06-17,0,1773
2020-07-06,2020-06-17,0,1773
2020-07-07,2020-06-17,0,1773
2020-07-08,2020-06-17,0,1773
2020-07-09,2020-06-17,0,1773
2020-07-10,2020-06-17,0,1773
2020-07-11,2020-06-17,0,1773
2020-07-12,2020-06-17,0,1773
2020-07-13,2020-06-17,0,1773
2020-07-14,2020-06-17,0,1773
2020-07-15,2020-06-17,0,1773
2020-07-16,2020-06-17,0,1773
2020-07-17,2020-06-17,0,1773
2020-03-11,2020-06-19,3,4
2020-03-12,2020-06-19,4,8
2020-03-13,2020-06-19,7,15
2020-03-14,2020-06-19,10,25
2020-03-15,2020-06-19,13,38
2020-03-16,2020-06-19,16,54
2020-03-17,2020-06-19,20,74
2020-03-18,2020-06-19,23,97
2020-03-19,2020-06-19,26,123
2020-03-20,2020-06-19,29,152
2020-03-21,2020-06-19,32,184
2020-03-22,2020-06-19,35,219
2020-03-23,2020-06-19,37,256
2020-03-24,2020-06-19,39,295
2020-03-25,2020-06-19,41,336
2020-03-26,2020-06-19,43,379
2020-03-27,2020-06-19,44,423
2020-03-28,2020-06-19,45,468
2020-03-29,2020-06-19,46,514
2020-03-30,2020-06-19,47,561
2020-03-31,2020-06-19,47,608
2020-04-01,2020-06-19,47,655
2020-04-02,2020-06-19,47,702
2020-04-03,2020-06-19,47,749
2020-04-04,2020-06-19,46,795
2020-04-05,2020-06-19,45,840
2020-04-06,2020-06-19,44,884
2020-04-07,2020-06-19,44,928
2020-04-08,2020-06-19,42,970
2020-04-09,2020-06-19,41,1011
2020-04-10,2020-06-19,40,1051
2020-04-11,2020-06-19,39,1090
2020-04-12,2020-06-19,37,1127
2020-04-13,2020-06-19,36,1163
2020-04-14,2020-06-19,34,1197
2020-04-15,2020-06-19,33,1230
2020-04-16,2020-06-19,32,1262
2020-04-17,2020-06-19,30,1292
2020-04-18,2020-06-19,29,1321
2020-04-19,2020-06-19,27,1348
2020-04-20,2020-06-19,26,1374
2020-04-21,2020-06-19,25,1399
2020-04-22,2020-06-19,23,1422
2020-04-23,2020-06-19,22,1444
2020-04-24,2020-06-19,21,1465
2020-04-25,2020-06-19,20,1485
2020-04-26,2020-06-19,19,1504
2020-04-27,2020-06-19,17,1521
2020-04-28,2020-06-19,16,1537
2020-04-29,2020-06-19,15,1552
2020-04-30,2020-06-19,15,1567
2020-05-01,2020-06-19,14,1581
2020-05-02,2020-06-19,13,1594
2020-05-03,2020-06-19,12,1606
2020-05-04,2020-06-19,11,1617
2020-05-05,2020-06-19,11,1628
2020-05-06,2020-06-19,10,1638
2020-05-07,2020-06-19,9,1647
2020-05-08,2020-06-19,9,1656
2020-05-09,2020-06-19,8,1664
2020-05-10,2020-06-19,8,1672
2020-05-11,2020-06-19,7,1679
2020-05-12,2020-06-19,7,1686
2020-05-13,2020-06-19,6,1692
2020-05-14,2020-06-19,6,1698
2020-05-15,2020-06-19,5,1703
2020-05-16,2020-06-19,5,1708
2020-05-17,2020-06-19,5,1713
2020-05-18,2020-06-19,4,1717
2020-05-19,2020-06-19,4,1721
2020-05-20,2020-06-19,4,1725
2020-05-21,2020-06-19,4,1729
2020-05-22,2020-06-19,3,1732
2020-05-23,2020-06-19,3,1735
2020-05-24,2020-06-19,3,1738
2020-05-25,2020-06-19,3,1741
2020-05-26,2020-06-19,3,1744
2020-05-27,2020-06-19,2,1746
2020-05-28,2020-06-19,2,1748
2020-05-29,2020-06-19,2,1750
2020-05-30,2020-06-19,2,1752
2020-05-31,2020-06-19,2,1754
2020-06-01,2020-06-19,2,1756
2020-06-02,2020-06-19,2,1758
2020-06-03,2020-06-19,1,1759
2020-06-04,2020-06-19,1,1760
2020-06-05,2020-06-19,1,1761
2020-06-06,2020-06-19,1,1762
2020-06-07,2020-06-19,1,1763
2020-06-08,2020-06-19,1,1764
2020-06-09,2020-06-19,1,1765
2020-06-10,2020-06-19,1,1766
2020-06-11,2020-06-19,1,1767
2020-06-12,2020-06-19,1,1768
2020-06-13,2020-06-19,1,1769
2020-06-14,2020-06-19,1,1770
2020-06-15,2020-06-19,1,1771
2020-06-16,2020-06-19,1,1772
2020-06-17,2020-06-19,1,1773
2020-06-18,2020-06-19,0,1773
2020-06-19,2020-06-19,0,1773
2020-06-20,2020-06-19,0,1773
2020-06-21,2020-06-19,0,1773
2020-06-22,2020-06-19,0,1773
2020-06-23,2020-06-19,0,1773
2020-06-24,2020-06-19,0,1773
2020-06-25,2020-06-19,0,1773
2020-06-26,2020-06-19,0,1773
2020-06-27,2020-06-19,0,1773
2020-06-28,2020-06-19,0,1773
2020-06-29,2020-06-19,0,1773
2020-06-30,2020-06-19,0,1773
2020-07-01,2020-06-19,0,1773
2020-07-02,2020-06-19,0,1773
2020-07-03,2020-06-19,0,1773
2020-07-04,2020-06-19,0,1773
2020-07-05,2020-06-19,0,1773
2020-07-06,2020-06-19,0,1773
2020-07-07,2020-06-19,0,1773
2020-07-08,2020-06-19,0,1773
2020-07-09,2020-06-19,0,1773
2020-07-10,2020-06-19,0,1773
2020-07-11,2020-06-19,0,1773
2020-07-12,2020-06-19,0,1773
2020-07-13,2020-06-19,0,1773
2020-07-14,2020-06-19,0,1773
2020-07-15,2020-06-19,0,1773
2020-07-16,2020-06-19,0,1773
2020-07-17,2020-06-19,0,1773
2020-07-18,2020-06-19,0,1773
2020-07-19,2020-06-19,0,1773
2020-03-11,2020-06-20,3,4
2020-03-12,2020-06-20,4,8
2020-03-13,2020-06-20,7,15
2020-03-14,2020-06-20,10,25
2020-03-15,2020-06-20,13,38
2020-03-16,2020-06-20,16,54
2020-03-17,2020-06-20,20,74
2020-03-18,2020-06-20,23,97
2020-03-19,2020-06-20,26,123
2020-03-20,2020-06-20,29,152
2020-03-21,2020-06-20,32,184
2020-03-22,2020-06-20,35,219
2020-03-23,2020-06-20,37,256
2020-03-24,2020-06-20,39,295
2020-03-25,2020-06-20,41,336
2020-03-26,2020-06-20,43,379
2020-03-27,2020-06-20,44,423
2020-03-28,2020-06-20,45,468
2020-03-29,2020-06-20,46,514
2020-03-30,2020-06-20,47,561
2020-03-31,2020-06-20,47,608
2020-04-01,2020-06-20,47,655
2020-04-02,2020-06-20,47,702
2020-04-03,2020-06-20,47,749
2020-04-04,2020-06-20,46,795
2020-04-05,2020-06-20,45,840
2020-04-06,2020-06-20,44,884
2020-04-07,2020-06-20,44,928
2020-04-08,2020-06-20,42,970
2020-04-09,2020-06-20,41,1011
2020-04-10,2020-06-20,40,1051
2020-04-11,2020-06-20,39,1090
2020-04-12,2020-06-20,37,1127
2020-04-13,2020-06-20,36,1163
2020-04-14,2020-06-20,34,1197
2020-04-15,2020-06-20,33,1230
2020-04-16,2020-06-20,32,1262
2020-04-17,2020-06-20,30,1292
2020-04-18,2020-06-20,29,1321
2020-04-19,2020-06-20,27,1348
2020-04-20,2020-06-20,26,1374
2020-04-21,2020-06-20,25,1399
2020-04-22,2020-06-20,23,1422
2020-04-23,2020-06-20,22,1444
2020-04-24,2020-06-20,21,1465
2020-04-25,2020-06-20,20,1485
2020-04-26,2020-06-20,19,1504
2020-04-27,2020-06-20,18,1522
2020-04-28,2020-06-20,16,1538
2020-04-29,2020-06-20,16,1554
2020-04-30,2020-06-20,15,1569
2020-05-01,2020-06-20,14,1583
2020-05-02,2020-06-20,13,1596
2020-05-03,2020-06-20,12,1608
2020-05-04,2020-06-20,11,1619
2020-05-05,2020-06-20,11,1630
2020-05-06,2020-06-20,10,1640
2020-05-07,2020-06-20,9,1649
2020-05-08,2020-06-20,9,1658
2020-05-09,2020-06-20,8,1666
2020-05-10,2020-06-20,8,1674
2020-05-11,2020-06-20,7,1681
2020-05-12,2020-06-20,7,1688
2020-05-13,2020-06-20,6,1694
2020-05-14,2020-06-20,6,1700
2020-05-15,2020-06-20,5,1705
2020-05-16,2020-06-20,5,1710
2020-05-17,2020-06-20,5,1715
2020-05-18,2020-06-20,4,1719
2020-05-19,2020-06-20,4,1723
2020-05-20,2020-06-20,4,1727
2020-05-21,2020-06-20,4,1731
2020-05-22,2020-06-20,3,1734
2020-05-23,2020-06-20,3,1737
2020-05-24,2020-06-20,3,1740
2020-05-25,2020-06-20,3,1743
2020-05-26,2020-06-20,3,1746
2020-05-27,2020-06-20,2,1748
2020-05-28,2020-06-20,2,1750
2020-05-29,2020-06-20,2,1752
2020-05-30,2020-06-20,2,1754
2020-05-31,2020-06-20,2,1756
2020-06-01,2020-06-20,2,1758
2020-06-02,2020-06-20,2,1760
2020-06-03,2020-06-20,1,1761
2020-06-04,2020-06-20,1,1762
2020-06-05,2020-06-20,1,1763
2020-06-06,2020-06-20,1,1764
2020-06-07,2020-06-20,1,1765
2020-06-08,2020-06-20,1,1766
2020-06-09,2020-06-20,1,1767
2020-06-10,2020-06-20,1,1768
2020-06-11,2020-06-20,1,1769
2020-06-12,2020-06-20,1,1770
2020-06-13,2020-06-20,1,1771
2020-06-14,2020-06-20,1,1772
2020-06-15,2020-06-20,1,1773
2020-06-16,2020-06-20,1,1774
2020-06-17,2020-06-20,1,1775
2020-06-18,2020-06-20,0,1775
2020-06-19,2020-06-20,0,1775
2020-06-20,2020-06-20,0,1775
2020-06-21,2020-06-20,0,1775
2020-06-22,2020-06-20,0,1775
2020-06-23,2020-06-20,0,1775
2020-06-24,2020-06-20,0,1775
2020-06-25,2020-06-20,0,1775
2020-06-26,2020-06-20,0,1775
2020-06-27,2020-06-20,0,1775
2020-06-28,2020-06-20,0,1775
2020-06-29,2020-06-20,0,1775
2020-06-30,2020-06-20,0,1775
2020-07-01,2020-06-20,0,1775
2020-07-02,2020-06-20,0,1775
2020-07-03,2020-06-20,0,1775
2020-07-04,2020-06-20,0,1775
2020-07-05,2020-06-20,0,1775
2020-07-06,2020-06-20,0,1775
2020-07-07,2020-06-20,0,1775
2020-07-08,2020-06-20,0,1775
2020-07-09,2020-06-20,0,1775
2020-07-10,2020-06-20,0,1775
2020-07-11,2020-06-20,0,1775
2020-07-12,2020-06-20,0,1775
2020-07-13,2020-06-20,0,1775
2020-07-14,2020-06-20,0,1775
2020-07-15,2020-06-20,0,1775
2020-07-16,2020-06-20,0,1775
2020-07-17,2020-06-20,0,1775
2020-07-18,2020-06-20,0,1775
2020-07-19,2020-06-20,0,1775
2020-07-20,2020-06-20,0,1775
