"day","end","incidence","confirmed"
2020-03-11,2020-03-18,2,3
2020-03-12,2020-03-18,1,4
2020-03-13,2020-03-18,2,6
2020-03-14,2020-03-18,3,9
2020-03-15,2020-03-18,4,13
2020-03-16,2020-03-18,6,19
2020-03-17,2020-03-18,8,27
2020-03-18,2020-03-18,9,36
2020-03-19,2020-03-18,9,45
2020-03-20,2020-03-18,8,53
2020-03-21,2020-03-18,6,59
2020-03-22,2020-03-18,5,64
2020-03-23,2020-03-18,3,67
2020-03-24,2020-03-18,2,69
2020-03-25,2020-03-18,1,70
2020-03-26,2020-03-18,1,71
2020-03-27,2020-03-18,1,72
2020-03-28,2020-03-18,0,72
2020-03-29,2020-03-18,0,72
2020-03-30,2020-03-18,0,72
2020-03-31,2020-03-18,0,72
2020-04-01,2020-03-18,0,72
2020-04-02,2020-03-18,0,72
2020-04-03,2020-03-18,0,72
2020-04-04,2020-03-18,0,72
2020-04-05,2020-03-18,0,72
2020-04-06,2020-03-18,0,72
2020-04-07,2020-03-18,0,72
2020-03-11,2020-03-19,2,3
2020-03-12,2020-03-19,1,4
2020-03-13,2020-03-19,2,6
2020-03-14,2020-03-19,3,9
2020-03-15,2020-03-19,4,13
2020-03-16,2020-03-19,5,18
2020-03-17,2020-03-19,7,25
2020-03-18,2020-03-19,10,35
2020-03-19,2020-03-19,13,48
2020-03-20,2020-03-19,17,65
2020-03-21,2020-03-19,22,87
2020-03-22,2020-03-19,29,116
2020-03-23,2020-03-19,36,152
2020-03-24,2020-03-19,46,198
2020-03-25,2020-03-19,57,255
2020-03-26,2020-03-19,70,325
2020-03-27,2020-03-19,86,411
2020-03-28,2020-03-19,104,515
2020-03-29,2020-03-19,126,641
2020-03-30,2020-03-19,151,792
2020-03-31,2020-03-19,180,972
2020-04-01,2020-03-19,213,1185
2020-04-02,2020-03-19,252,1437
2020-04-03,2020-03-19,296,1733
2020-04-04,2020-03-19,346,2079
2020-04-05,2020-03-19,403,2482
2020-04-06,2020-03-19,466,2948
2020-04-07,2020-03-19,538,3486
2020-04-08,2020-03-19,619,4105
2020-03-11,2020-03-20,2,3
2020-03-12,2020-03-20,1,4
2020-03-13,2020-03-20,2,6
2020-03-14,2020-03-20,2,8
2020-03-15,2020-03-20,3,11
2020-03-16,2020-03-20,5,16
2020-03-17,2020-03-20,7,23
2020-03-18,2020-03-20,10,33
2020-03-19,2020-03-20,14,47
2020-03-20,2020-03-20,20,67
2020-03-21,2020-03-20,28,95
2020-03-22,2020-03-20,39,134
2020-03-23,2020-03-20,54,188
2020-03-24,2020-03-20,75,263
2020-03-25,2020-03-20,102,365
2020-03-26,2020-03-20,138,503
2020-03-27,2020-03-20,185,688
2020-03-28,2020-03-20,248,936
2020-03-29,2020-03-20,330,1266
2020-03-30,2020-03-20,437,1703
2020-03-31,2020-03-20,576,2279
2020-04-01,2020-03-20,755,3034
2020-04-02,2020-03-20,983,4017
2020-04-03,2020-03-20,1273,5290
2020-04-04,2020-03-20,1639,6929
2020-04-05,2020-03-20,2096,9025
2020-04-06,2020-03-20,2662,11687
2020-04-07,2020-03-20,3355,15042
2020-04-08,2020-03-20,4193,19235
2020-04-09,2020-03-20,5191,24426
2020-03-11,2020-03-21,2,3
2020-03-12,2020-03-21,1,4
2020-03-13,2020-03-21,1,5
2020-03-14,2020-03-21,2,7
2020-03-15,2020-03-21,3,10
2020-03-16,2020-03-21,5,15
2020-03-17,2020-03-21,7,22
2020-03-18,2020-03-21,10,32
2020-03-19,2020-03-21,15,47
2020-03-20,2020-03-21,23,70
2020-03-21,2020-03-21,34,104
2020-03-22,2020-03-21,51,155
2020-03-23,2020-03-21,75,230
2020-03-24,2020-03-21,111,341
2020-03-25,2020-03-21,165,506
2020-03-26,2020-03-21,245,751
2020-03-27,2020-03-21,364,1115
2020-03-28,2020-03-21,539,1654
2020-03-29,2020-03-21,796,2450
2020-03-30,2020-03-21,1176,3626
2020-03-31,2020-03-21,1731,5357
2020-04-01,2020-03-21,2536,7893
2020-04-02,2020-03-21,3695,11588
2020-04-03,2020-03-21,5333,16921
2020-04-04,2020-03-21,7598,24519
2020-04-05,2020-03-21,10627,35146
2020-04-06,2020-03-21,14485,49631
2020-04-07,2020-03-21,19064,68695
2020-04-08,2020-03-21,23968,92663
2020-04-09,2020-03-21,28454,121117
2020-04-10,2020-03-21,31572,152689
2020-03-11,2020-03-22,2,3
2020-03-12,2020-03-22,1,4
2020-03-13,2020-03-22,2,6
2020-03-14,2020-03-22,2,8
2020-03-15,2020-03-22,3,11
2020-03-16,2020-03-22,5,16
2020-03-17,2020-03-22,8,24
2020-03-18,2020-03-22,11,35
2020-03-19,2020-03-22,16,51
2020-03-20,2020-03-22,23,74
2020-03-21,2020-03-22,31,105
2020-03-22,2020-03-22,40,145
2020-03-23,2020-03-22,49,194
2020-03-24,2020-03-22,57,251
2020-03-25,2020-03-22,60,311
2020-03-26,2020-03-22,59,370
2020-03-27,2020-03-22,53,423
2020-03-28,2020-03-22,45,468
2020-03-29,2020-03-22,35,503
2020-03-30,2020-03-22,26,529
2020-03-31,2020-03-22,19,548
2020-04-01,2020-03-22,13,561
2020-04-02,2020-03-22,9,570
2020-04-03,2020-03-22,6,576
2020-04-04,2020-03-22,4,580
2020-04-05,2020-03-22,3,583
2020-04-06,2020-03-22,2,585
2020-04-07,2020-03-22,1,586
2020-04-08,2020-03-22,1,587
2020-04-09,2020-03-22,1,588
2020-04-10,2020-03-22,0,588
2020-04-11,2020-03-22,0,588
2020-03-11,2020-03-23,2,3
2020-03-12,2020-03-23,1,4
2020-03-13,2020-03-23,2,6
2020-03-14,2020-03-23,2,8
2020-03-15,2020-03-23,4,12
2020-03-16,2020-03-23,5,17
2020-03-17,2020-03-23,8,25
2020-03-18,2020-03-23,12,37
2020-03-19,2020-03-23,17,54
2020-03-20,2020-03-23,23,77
2020-03-21,2020-03-23,31,108
2020-03-22,2020-03-23,38,146
2020-03-23,2020-03-23,45,191
2020-03-24,2020-03-23,49,240
2020-03-25,2020-03-23,48,288
2020-03-26,2020-03-23,44,332
2020-03-27,2020-03-23,37,369
2020-03-28,2020-03-23,29,398
2020-03-29,2020-03-23,22,420
2020-03-30,2020-03-23,16,436
2020-03-31,2020-03-23,11,447
2020-04-01,2020-03-23,7,454
2020-04-02,2020-03-23,5,459
2020-04-03,2020-03-23,3,462
2020-04-04,2020-03-23,2,464
2020-04-05,2020-03-23,1,465
2020-04-06,2020-03-23,1,466
2020-04-07,2020-03-23,1,467
2020-04-08,2020-03-23,0,467
2020-04-09,2020-03-23,0,467
2020-04-10,2020-03-23,0,467
2020-04-11,2020-03-23,0,467
2020-04-12,2020-03-23,0,467
2020-03-11,2020-03-24,2,3
2020-03-12,2020-03-24,1,4
2020-03-13,2020-03-24,2,6
2020-03-14,2020-03-24,3,9
2020-03-15,2020-03-24,4,13
2020-03-16,2020-03-24,6,19
2020-03-17,2020-03-24,8,27
2020-03-18,2020-03-24,11,38
2020-03-19,2020-03-24,16,54
2020-03-20,2020-03-24,21,75
2020-03-21,2020-03-24,29,104
2020-03-22,2020-03-24,38,142
2020-03-23,2020-03-24,50,192
2020-03-24,2020-03-24,66,258
2020-03-25,2020-03-24,85,343
2020-03-26,2020-03-24,109,452
2020-03-27,2020-03-24,140,592
2020-03-28,2020-03-24,177,769
2020-03-29,2020-03-24,223,992
2020-03-30,2020-03-24,278,1270
2020-03-31,2020-03-24,346,1616
2020-04-01,2020-03-24,427,2043
2020-04-02,2020-03-24,525,2568
2020-04-03,2020-03-24,641,3209
2020-04-04,2020-03-24,779,3988
2020-04-05,2020-03-24,941,4929
2020-04-06,2020-03-24,1130,6059
2020-04-07,2020-03-24,1351,7410
2020-04-08,2020-03-24,1606,9016
2020-04-09,2020-03-24,1898,10914
2020-04-10,2020-03-24,2232,13146
2020-04-11,2020-03-24,2609,15755
2020-04-12,2020-03-24,3033,18788
2020-04-13,2020-03-24,3504,22292
2020-03-11,2020-03-25,2,3
2020-03-12,2020-03-25,1,4
2020-03-13,2020-03-25,2,6
2020-03-14,2020-03-25,3,9
2020-03-15,2020-03-25,4,13
2020-03-16,2020-03-25,6,19
2020-03-17,2020-03-25,9,28
2020-03-18,2020-03-25,13,41
2020-03-19,2020-03-25,18,59
2020-03-20,2020-03-25,25,84
2020-03-21,2020-03-25,33,117
2020-03-22,2020-03-25,41,158
2020-03-23,2020-03-25,47,205
2020-03-24,2020-03-25,49,254
2020-03-25,2020-03-25,48,302
2020-03-26,2020-03-25,42,344
2020-03-27,2020-03-25,34,378
2020-03-28,2020-03-25,26,404
2020-03-29,2020-03-25,19,423
2020-03-30,2020-03-25,13,436
2020-03-31,2020-03-25,9,445
2020-04-01,2020-03-25,6,451
2020-04-02,2020-03-25,4,455
2020-04-03,2020-03-25,3,458
2020-04-04,2020-03-25,2,460
2020-04-05,2020-03-25,1,461
2020-04-06,2020-03-25,1,462
2020-04-07,2020-03-25,0,462
2020-04-08,2020-03-25,0,462
2020-04-09,2020-03-25,0,462
2020-04-10,2020-03-25,0,462
2020-04-11,2020-03-25,0,462
2020-04-12,2020-03-25,0,462
2020-04-13,2020-03-25,0,462
2020-04-14,2020-03-25,0,462
2020-03-11,2020-03-26,2,3
2020-03-12,2020-03-26,1,4
2020-03-13,2020-03-26,2,6
2020-03-14,2020-03-26,2,8
2020-03-15,2020-03-26,4,12
2020-03-16,2020-03-26,5,17
2020-03-17,2020-03-26,8,25
2020-03-18,2020-03-26,12,37
2020-03-19,2020-03-26,17,54
2020-03-20,2020-03-26,24,78
2020-03-21,2020-03-26,32,110
2020-03-22,2020-03-26,40,150
2020-03-23,2020-03-26,47,197
2020-03-24,2020-03-26,52,249
2020-03-25,2020-03-26,52,301
2020-03-26,2020-03-26,48,349
2020-03-27,2020-03-26,41,390
2020-03-28,2020-03-26,32,422
2020-03-29,2020-03-26,24,446
2020-03-30,2020-03-26,18,464
2020-03-31,2020-03-26,12,476
2020-04-01,2020-03-26,8,484
2020-04-02,2020-03-26,6,490
2020-04-03,2020-03-26,4,494
2020-04-04,2020-03-26,3,497
2020-04-05,2020-03-26,2,499
2020-04-06,2020-03-26,1,500
2020-04-07,2020-03-26,1,501
2020-04-08,2020-03-26,0,501
2020-04-09,2020-03-26,0,501
2020-04-10,2020-03-26,0,501
2020-04-11,2020-03-26,0,501
2020-04-12,2020-03-26,0,501
2020-04-13,2020-03-26,0,501
2020-04-14,2020-03-26,0,501
2020-04-15,2020-03-26,0,501
2020-03-11,2020-03-27,2,3
2020-03-12,2020-03-27,1,4
2020-03-13,2020-03-27,2,6
2020-03-14,2020-03-27,2,8
2020-03-15,2020-03-27,4,12
2020-03-16,2020-03-27,5,17
2020-03-17,2020-03-27,8,25
2020-03-18,2020-03-27,12,37
2020-03-19,2020-03-27,17,54
2020-03-20,2020-03-27,24,78
2020-03-21,2020-03-27,32,110
2020-03-22,2020-03-27,40,150
2020-03-23,2020-03-27,48,198
2020-03-24,2020-03-27,52,250
2020-03-25,2020-03-27,52,302
2020-03-26,2020-03-27,47,349
2020-03-27,2020-03-27,40,389
2020-03-28,2020-03-27,31,420
2020-03-29,2020-03-27,23,443
2020-03-30,2020-03-27,17,460
2020-03-31,2020-03-27,12,472
2020-04-01,2020-03-27,8,480
2020-04-02,2020-03-27,5,485
2020-04-03,2020-03-27,4,489
2020-04-04,2020-03-27,2,491
2020-04-05,2020-03-27,2,493
2020-04-06,2020-03-27,1,494
2020-04-07,2020-03-27,1,495
2020-04-08,2020-03-27,0,495
2020-04-09,2020-03-27,0,495
2020-04-10,2020-03-27,0,495
2020-04-11,2020-03-27,0,495
2020-04-12,2020-03-27,0,495
2020-04-13,2020-03-27,0,495
2020-04-14,2020-03-27,0,495
2020-04-15,2020-03-27,0,495
2020-04-16,2020-03-27,0,495
2020-03-11,2020-03-28,2,3
2020-03-12,2020-03-28,1,4
2020-03-13,2020-03-28,2,6
2020-03-14,2020-03-28,3,9
2020-03-15,2020-03-28,4,13
2020-03-16,2020-03-28,6,19
2020-03-17,2020-03-28,9,28
2020-03-18,2020-03-28,13,41
2020-03-19,2020-03-28,18,59
2020-03-20,2020-03-28,24,83
2020-03-21,2020-03-28,31,114
2020-03-22,2020-03-28,38,152
2020-03-23,2020-03-28,45,197
2020-03-24,2020-03-28,50,247
2020-03-25,2020-03-28,52,299
2020-03-26,2020-03-28,52,351
2020-03-27,2020-03-28,49,400
2020-03-28,2020-03-28,44,444
2020-03-29,2020-03-28,37,481
2020-03-30,2020-03-28,31,512
2020-03-31,2020-03-28,24,536
2020-04-01,2020-03-28,19,555
2020-04-02,2020-03-28,14,569
2020-04-03,2020-03-28,11,580
2020-04-04,2020-03-28,8,588
2020-04-05,2020-03-28,6,594
2020-04-06,2020-03-28,4,598
2020-04-07,2020-03-28,3,601
2020-04-08,2020-03-28,2,603
2020-04-09,2020-03-28,2,605
2020-04-10,2020-03-28,1,606
2020-04-11,2020-03-28,1,607
2020-04-12,2020-03-28,1,608
2020-04-13,2020-03-28,0,608
2020-04-14,2020-03-28,0,608
2020-04-15,2020-03-28,0,608
2020-04-16,2020-03-28,0,608
2020-04-17,2020-03-28,0,608
2020-03-11,2020-03-29,2,3
2020-03-12,2020-03-29,1,4
2020-03-13,2020-03-29,2,6
2020-03-14,2020-03-29,3,9
2020-03-15,2020-03-29,5,14
2020-03-16,2020-03-29,7,21
2020-03-17,2020-03-29,10,31
2020-03-18,2020-03-29,14,45
2020-03-19,2020-03-29,19,64
2020-03-20,2020-03-29,24,88
2020-03-21,2020-03-29,31,119
2020-03-22,2020-03-29,37,156
2020-03-23,2020-03-29,43,199
2020-03-24,2020-03-29,48,247
2020-03-25,2020-03-29,52,299
2020-03-26,2020-03-29,53,352
2020-03-27,2020-03-29,51,403
2020-03-28,2020-03-29,48,451
2020-03-29,2020-03-29,43,494
2020-03-30,2020-03-29,37,531
2020-03-31,2020-03-29,31,562
2020-04-01,2020-03-29,25,587
2020-04-02,2020-03-29,20,607
2020-04-03,2020-03-29,16,623
2020-04-04,2020-03-29,13,636
2020-04-05,2020-03-29,10,646
2020-04-06,2020-03-29,7,653
2020-04-07,2020-03-29,6,659
2020-04-08,2020-03-29,4,663
2020-04-09,2020-03-29,3,666
2020-04-10,2020-03-29,2,668
2020-04-11,2020-03-29,2,670
2020-04-12,2020-03-29,1,671
2020-04-13,2020-03-29,1,672
2020-04-14,2020-03-29,1,673
2020-04-15,2020-03-29,1,674
2020-04-16,2020-03-29,0,674
2020-04-17,2020-03-29,0,674
2020-04-18,2020-03-29,0,674
2020-03-11,2020-03-30,2,3
2020-03-12,2020-03-30,2,5
2020-03-13,2020-03-30,2,7
2020-03-14,2020-03-30,4,11
2020-03-15,2020-03-30,5,16
2020-03-16,2020-03-30,8,24
2020-03-17,2020-03-30,11,35
2020-03-18,2020-03-30,15,50
2020-03-19,2020-03-30,19,69
2020-03-20,2020-03-30,24,93
2020-03-21,2020-03-30,30,123
2020-03-22,2020-03-30,36,159
2020-03-23,2020-03-30,42,201
2020-03-24,2020-03-30,47,248
2020-03-25,2020-03-30,51,299
2020-03-26,2020-03-30,52,351
2020-03-27,2020-03-30,52,403
2020-03-28,2020-03-30,51,454
2020-03-29,2020-03-30,47,501
2020-03-30,2020-03-30,43,544
2020-03-31,2020-03-30,38,582
2020-04-01,2020-03-30,33,615
2020-04-02,2020-03-30,28,643
2020-04-03,2020-03-30,23,666
2020-04-04,2020-03-30,19,685
2020-04-05,2020-03-30,15,700
2020-04-06,2020-03-30,12,712
2020-04-07,2020-03-30,10,722
2020-04-08,2020-03-30,8,730
2020-04-09,2020-03-30,6,736
2020-04-10,2020-03-30,5,741
2020-04-11,2020-03-30,4,745
2020-04-12,2020-03-30,3,748
2020-04-13,2020-03-30,2,750
2020-04-14,2020-03-30,2,752
2020-04-15,2020-03-30,1,753
2020-04-16,2020-03-30,1,754
2020-04-17,2020-03-30,1,755
2020-04-18,2020-03-30,1,756
2020-04-19,2020-03-30,1,757
2020-03-11,2020-03-31,2,3
2020-03-12,2020-03-31,2,5
2020-03-13,2020-03-31,3,8
2020-03-14,2020-03-31,4,12
2020-03-15,2020-03-31,6,18
2020-03-16,2020-03-31,8,26
2020-03-17,2020-03-31,11,37
2020-03-18,2020-03-31,15,52
2020-03-19,2020-03-31,20,72
2020-03-20,2020-03-31,25,97
2020-03-21,2020-03-31,30,127
2020-03-22,2020-03-31,36,163
2020-03-23,2020-03-31,41,204
2020-03-24,2020-03-31,46,250
2020-03-25,2020-03-31,50,300
2020-03-26,2020-03-31,52,352
2020-03-27,2020-03-31,53,405
2020-03-28,2020-03-31,52,457
2020-03-29,2020-03-31,50,507
2020-03-30,2020-03-31,47,554
2020-03-31,2020-03-31,43,597
2020-04-01,2020-03-31,38,635
2020-04-02,2020-03-31,33,668
2020-04-03,2020-03-31,29,697
2020-04-04,2020-03-31,25,722
2020-04-05,2020-03-31,21,743
2020-04-06,2020-03-31,17,760
2020-04-07,2020-03-31,14,774
2020-04-08,2020-03-31,12,786
2020-04-09,2020-03-31,10,796
2020-04-10,2020-03-31,8,804
2020-04-11,2020-03-31,6,810
2020-04-12,2020-03-31,5,815
2020-04-13,2020-03-31,4,819
2020-04-14,2020-03-31,3,822
2020-04-15,2020-03-31,3,825
2020-04-16,2020-03-31,2,827
2020-04-17,2020-03-31,2,829
2020-04-18,2020-03-31,1,830
2020-04-19,2020-03-31,1,831
2020-04-20,2020-03-31,1,832
