"day","confirmed","deaths","deaths_different","recovered","active","imported","tested","incidence","tests_daily","imported_daily","quarantined","hospitalized","intensive"
2020-02-28,1,0,0,0,1,1,116,1,116,1,NA,NA,NA
2020-02-29,1,0,0,0,1,1,142,0,26,0,NA,NA,NA
2020-03-01,1,0,0,0,1,1,165,0,23,0,NA,NA,NA
2020-03-02,1,0,0,0,1,1,191,0,26,0,NA,NA,NA
2020-03-03,1,0,0,0,1,1,215,0,24,0,NA,NA,NA
2020-03-04,1,0,0,0,1,1,231,0,16,0,NA,NA,NA
2020-03-05,1,0,0,0,1,1,247,0,16,0,NA,NA,NA
2020-03-06,1,0,0,0,1,1,254,0,7,0,NA,NA,NA
2020-03-07,1,0,0,0,1,1,260,0,6,0,NA,NA,NA
2020-03-08,1,0,0,0,1,1,275,0,15,0,NA,NA,NA
2020-03-09,1,0,0,0,1,1,290,0,15,0,NA,NA,NA
2020-03-10,3,0,0,0,3,3,309,2,19,2,NA,NA,NA
2020-03-11,3,0,0,0,3,3,321,0,12,0,NA,NA,NA
2020-03-12,4,0,0,0,4,4,366,1,45,1,NA,NA,NA
2020-03-13,6,0,0,0,6,6,442,2,76,2,NA,NA,NA
2020-03-14,9,0,0,0,9,9,520,3,78,3,NA,NA,NA
2020-03-15,12,0,0,1,11,12,624,3,104,3,NA,NA,NA
2020-03-16,19,0,0,1,18,19,742,7,118,7,NA,NA,NA
2020-03-17,27,0,0,1,26,26,935,8,193,7,NA,NA,NA
2020-03-18,36,0,0,1,35,35,1027,9,92,9,NA,NA,NA
2020-03-19,47,0,0,1,46,43,1154,11,127,8,NA,NA,NA
2020-03-20,69,1,0,1,67,59,1466,22,312,16,NA,NA,NA
2020-03-21,97,1,0,1,95,78,2086,28,620,19,NA,NA,NA
2020-03-22,128,1,0,1,126,99,2361,31,275,21,NA,NA,NA
2020-03-23,166,1,0,1,164,112,2734,38,373,13,NA,NA,NA
2020-03-24,208,2,0,1,205,129,3471,42,737,17,NA,NA,NA
2020-03-25,263,4,0,1,258,148,4320,55,849,19,NA,NA,NA
2020-03-26,292,4,0,1,287,159,5593,29,1273,11,NA,NA,NA
2020-03-27,339,5,0,1,333,177,6900,47,1307,18,NA,NA,NA
2020-03-28,378,7,0,1,370,184,8424,39,1524,7,NA,NA,NA
2020-03-29,424,7,0,1,416,194,9891,46,1467,10,NA,NA,NA
2020-03-30,468,7,0,7,454,200,11280,44,1389,6,NA,NA,NA
2020-03-31,512,8,0,7,497,207,12574,44,1294,7,NA,NA,NA
2020-04-01,579,8,0,7,564,230,15018,67,2444,23,NA,NA,NA
2020-04-02,631,9,0,7,615,247,17827,52,2809,17,NA,NA,NA
2020-04-03,683,9,0,7,667,255,20771,52,2944,8,NA,NA,NA
2020-04-04,716,11,0,7,698,260,23040,33,2269,5,NA,NA,NA
2020-04-05,750,14,0,7,729,263,24994,34,1954,3,NA,NA,NA
2020-04-06,783,15,0,7,761,269,27202,33,2208,6,NA,NA,NA
2020-04-07,821,15,0,7,799,271,29503,38,2301,2,NA,NA,NA
2020-04-08,858,15,0,8,835,277,32202,37,2699,6,NA,NA,NA
2020-04-09,896,16,0,8,872,280,35444,38,3242,3,NA,NA,NA
2020-04-10,926,22,0,54,850,283,37865,30,2421,3,NA,NA,NA
2020-04-11,952,23,0,97,832,286,39978,26,2113,3,NA,NA,NA
2020-04-12,970,24,0,101,845,289,40769,18,791,3,NA,NA,NA
2020-04-13,977,24,0,101,852,289,41956,7,1187,0,NA,NA,NA
2020-04-14,995,29,0,101,865,291,43943,18,1987,2,NA,NA,NA
2020-04-15,1022,30,0,178,814,291,47803,27,3860,0,NA,NA,NA
2020-04-16,1050,32,0,210,808,292,52367,28,4564,1,NA,NA,NA
2020-04-17,1091,33,0,228,830,294,58082,41,5715,2,NA,NA,NA
2020-04-18,1154,33,0,242,879,296,63301,63,5219,2,NA,NA,NA
2020-04-19,1174,36,0,242,896,296,65611,20,2310,0,NA,NA,NA
2020-04-20,1227,37,0,298,892,297,70012,53,4401,1,NA,NA,NA
2020-04-21,1251,38,0,357,856,298,76052,24,6040,1,NA,NA,NA
2020-04-22,1274,38,0,399,837,299,82850,23,6798,1,NA,NA,NA
2020-04-23,1293,40,0,430,823,299,90251,19,7401,0,NA,NA,NA
2020-04-24,1303,41,0,460,802,300,98207,10,7956,1,NA,NA,NA
2020-04-25,1318,41,0,467,810,302,103747,15,5540,2,NA,NA,NA
2020-04-26,1330,41,0,474,815,303,106034,12,2287,1,NA,NA,NA
2020-04-27,1339,44,0,536,759,304,111068,9,5034,1,601,NA,NA
2020-04-28,1366,45,0,563,758,305,117460,27,6392,1,624,NA,NA
2020-04-29,1377,45,0,589,743,306,124814,11,7354,1,595,NA,NA
2020-04-30,1391,45,0,594,752,307,132027,14,7213,1,531,NA,NA
2020-05-01,1396,46,0,632,718,307,137529,5,5502,0,499,NA,NA
2020-05-02,1401,46,0,635,720,308,140937,5,3408,1,397,NA,NA
2020-05-03,1409,46,0,638,725,309,143288,8,2351,1,357,NA,NA
2020-05-04,1412,46,0,678,688,310,148365,3,5077,1,357,NA,NA
2020-05-05,1418,48,3,718,649,310,155752,6,7387,0,374,NA,NA
2020-05-06,1423,49,3,739,632,310,163349,5,7597,0,317,NA,NA
2020-05-07,1432,49,4,765,614,312,171450,9,8101,2,284,NA,NA
2020-05-08,1461,49,4,828,580,312,179591,29,8141,0,268,NA,NA
2020-05-09,1473,50,4,828,591,312,183172,12,3581,0,321,NA,NA
2020-05-10,1481,50,4,833,594,313,185824,8,2652,1,303,NA,NA
2020-05-11,1490,50,4,850,586,314,191645,9,5821,1,280,NA,NA
2020-05-12,1504,54,6,908,536,316,199523,14,7878,2,273,NA,NA
2020-05-13,1513,54,6,934,519,316,207512,9,7989,0,260,NA,NA
2020-05-14,1523,54,6,965,498,316,215506,10,7994,0,260,NA,NA
2020-05-15,1538,55,6,988,489,317,223299,15,7793,1,272,NA,NA
2020-05-16,1547,56,6,997,488,318,227985,9,4686,1,294,NA,NA
2020-05-17,1553,59,6,997,491,318,230363,6,2378,0,295,NA,NA
2020-05-18,1561,60,6,1025,470,318,236859,8,6496,0,341,NA,NA
2020-05-19,1582,60,8,1049,465,318,244839,21,7980,0,368,NA,NA
2020-05-20,1594,61,8,1049,476,319,252263,12,7424,1,368,NA,NA
2020-05-21,1600,61,8,1111,420,319,258302,6,6039,0,398,NA,NA
2020-05-22,1614,63,8,1135,408,322,264141,14,5839,3,453,NA,NA
2020-05-23,1620,63,8,1138,411,323,266978,6,2837,1,461,NA,NA
2020-05-24,1630,63,8,1138,421,323,269148,10,2170,0,470,NA,NA
2020-05-25,1634,65,8,1165,396,324,274317,4,5169,1,478,NA,NA
2020-05-26,1642,66,8,1184,384,324,280491,8,6174,0,550,NA,NA
2020-05-27,1651,68,8,1193,382,324,287241,9,6750,0,495,NA,NA
2020-05-28,1656,68,8,1216,364,324,293350,5,6109,0,500,NA,NA
2020-05-29,1664,70,9,1229,356,326,298687,8,5337,2,434,NA,NA
2020-05-30,1669,70,9,1236,354,328,302118,5,3431,2,389,NA,NA
2020-05-31,1673,70,9,1236,358,328,304113,4,1995,0,336,NA,NA
2020-06-01,1678,71,9,1249,349,329,308984,5,4871,1,309,NA,NA
2020-06-02,1681,71,9,1260,341,330,314371,3,5387,1,307,NA,NA
2020-06-03,1686,71,9,1273,333,334,320299,5,5928,4,294,NA,NA
2020-06-04,1691,71,9,1302,309,335,325553,5,5254,1,273,NA,NA
2020-06-05,1702,71,9,1321,301,337,330488,11,4935,2,263,NA,NA
2020-06-06,1711,71,9,1328,303,339,332692,9,2204,2,250,NA,NA
2020-06-07,1718,71,9,1331,307,341,334945,7,2253,2,225,NA,NA
2020-06-08,1724,72,9,1338,305,341,339332,6,4387,0,253,NA,NA
2020-06-09,1730,74,10,1369,277,342,344651,6,5319,1,285,NA,NA
2020-06-10,1749,74,10,1372,293,344,350047,19,5396,2,294,NA,NA
2020-06-11,1753,74,10,1400,269,345,355321,4,5274,1,309,NA,NA
2020-06-12,1760,75,10,1416,259,346,359929,7,4608,1,312,NA,NA
2020-06-13,1765,75,10,1427,253,347,362787,5,2858,1,326,NA,NA
2020-06-14,1770,76,10,1429,255,347,364395,5,1608,0,316,NA,NA
2020-06-15,1773,76,10,1441,246,347,368805,3,4410,0,319,NA,NA
2020-06-16,1775,76,10,1447,242,347,374831,2,6026,0,338,NA,NA
2020-06-17,1781,76,10,1449,246,348,380484,6,5653,1,223,NA,NA
2020-06-18,1789,76,10,1462,241,348,385453,8,4969,0,208,NA,NA
2020-06-19,1792,76,10,1470,236,348,389716,3,4263,0,187,NA,NA
2020-06-20,1795,76,10,1475,234,348,391812,3,2096,0,174,NA,NA
2020-06-21,1798,76,10,1475,237,349,393724,3,1912,1,162,NA,NA
2020-06-22,1800,77,10,1483,230,349,397676,2,3952,0,131,NA,NA
2020-06-23,1801,78,10,1484,229,349,403101,1,5425,0,147,NA,NA
2020-06-24,1803,78,10,1494,221,350,405817,2,2716,1,143,NA,NA
2020-06-25,1805,78,10,1501,216,350,410127,2,4310,0,140,NA,NA
2020-06-26,1810,78,10,1503,219,352,414052,5,3925,2,103,NA,NA
2020-06-27,1812,78,10,1503,221,353,415999,2,1947,1,93,NA,NA
2020-06-28,1813,78,10,1512,213,354,417628,1,1629,1,63,NA,NA
2020-06-29,1814,78,10,1515,211,355,422100,1,4472,1,86,NA,NA
2020-06-30,1815,78,10,1524,203,356,427498,1,5398,1,81,NA,NA
2020-07-01,1822,78,11,1536,197,361,431717,7,4219,5,66,NA,NA
2020-07-02,1825,79,11,1539,196,362,435939,3,4222,1,75,NA,NA
2020-07-03,1828,79,11,1545,193,363,439713,3,3774,1,72,NA,NA
2020-07-04,1833,79,11,1545,198,366,441502,5,1789,3,71,NA,NA
2020-07-05,1838,79,11,1547,201,366,442651,5,1149,0,70,NA,NA
2020-07-06,1841,79,11,1547,204,367,443667,3,1016,1,64,NA,NA
2020-07-07,1851,79,11,1552,209,369,447254,10,3587,2,120,NA,NA
2020-07-08,1854,79,11,1564,200,371,451247,3,3993,2,123,NA,NA
2020-07-09,1858,79,11,1569,199,372,455093,4,3846,1,123,NA,NA
2020-07-10,1862,79,12,1579,192,373,458664,4,3571,1,119,NA,NA
2020-07-11,1866,79,12,1571,204,374,460370,4,1706,1,128,NA,NA
2020-07-12,1871,79,12,1571,209,376,460926,5,556,2,116,NA,NA
2020-07-13,1872,79,12,1571,210,377,464656,1,3730,1,130,NA,NA
2020-07-14,1893,79,12,1582,220,391,468315,21,3659,14,127,NA,NA
2020-07-15,1899,79,12,1593,215,391,472064,6,3749,0,107,NA,NA
2020-07-16,1905,79,12,1595,219,392,475381,6,3317,1,102,NA,NA
2020-07-17,1912,80,12,1600,220,393,479251,7,3870,1,73,NA,NA
2020-07-18,1930,80,12,1600,238,395,480813,18,1562,2,66,NA,NA
2020-07-19,1944,80,12,1601,251,399,481867,14,1054,4,81,NA,NA
2020-07-20,1946,80,13,1601,252,399,485484,2,3617,0,89,NA,NA
2020-07-21,1948,80,13,1607,248,400,489129,2,3645,1,105,NA,NA
2020-07-22,1958,80,13,1611,254,403,493125,10,3996,3,107,NA,NA
2020-07-23,1984,80,13,1616,275,405,496505,26,3380,2,99,NA,NA
2020-07-24,1998,80,13,1616,289,405,499871,14,3366,0,90,NA,NA
2020-07-25,2005,80,13,1616,296,407,501950,7,2079,2,84,NA,NA
2020-07-26,2016,80,13,1620,303,412,503316,11,1366,5,76,NA,NA
2020-07-27,2024,80,13,1623,308,414,506680,8,3364,2,103,NA,NA
2020-07-28,2039,80,13,1634,312,416,510722,15,4042,2,146,NA,NA
2020-07-29,2058,80,13,1639,326,420,515057,19,4335,4,175,NA,NA
2020-07-30,2071,80,13,1644,334,422,519189,13,4132,2,176,NA,NA
2020-07-31,2089,80,13,1644,352,428,523743,18,4554,6,153,NA,NA
2020-08-01,2106,80,13,1644,369,432,525599,17,1856,4,144,NA,NA
2020-08-02,2116,80,13,1645,378,436,526989,10,1390,4,144,NA,NA
2020-08-03,2133,80,13,1647,393,438,530778,17,3789,2,437,NA,NA
2020-08-04,2143,81,13,1650,399,438,535637,10,4859,0,2937,NA,NA
2020-08-05,2167,81,13,1656,417,440,540044,24,4407,2,3192,NA,NA
2020-08-06,2191,81,13,1658,439,445,544622,24,4578,5,2820,NA,NA
2020-08-07,2227,81,13,1668,465,453,549436,36,4814,8,2885,NA,NA
2020-08-08,2249,81,13,1670,485,456,551284,22,1848,3,2858,NA,NA
2020-08-09,2261,81,13,1670,497,456,552648,12,1364,0,2910,NA,NA
2020-08-10,2279,81,13,1679,506,459,556917,18,4269,3,3088,NA,NA
2020-08-11,2305,81,13,1683,528,466,560815,26,3898,7,3016,NA,NA
2020-08-12,2326,81,13,1683,549,472,565042,21,4227,6,3213,NA,NA
2020-08-13,2348,81,13,1691,563,476,569917,22,4875,4,3115,NA,NA
2020-08-14,2381,81,13,1704,583,480,575508,33,5591,4,3124,NA,NA
2020-08-15,2411,81,13,1705,612,482,577960,30,2452,2,3173,NA,NA
2020-08-16,2432,81,13,1705,633,484,579713,21,1753,2,3168,NA,NA
2020-08-17,2469,81,13,1733,642,485,583901,37,4188,1,2973,NA,NA
2020-08-18,2491,81,13,1739,658,487,588765,22,4864,2,3062,NA,NA
2020-08-19,2523,82,13,1747,681,487,593738,32,4973,0,3146,NA,NA
2020-08-20,2560,83,13,1755,709,487,598773,37,5035,0,3320,NA,NA
2020-08-21,2590,84,13,1766,727,488,603949,30,5176,1,3367,114,3
2020-08-22,2631,84,15,1766,766,494,606392,41,2443,6,3386,114,3
2020-08-23,2669,85,15,1771,798,497,608027,38,1635,3,3460,115,3
2020-08-24,2690,85,13,1788,804,500,612584,21,4557,3,3780,114,3
2020-08-25,2722,85,13,1795,829,506,617665,32,5081,6,4072,117,3
2020-08-26,2758,85,13,1806,854,508,623101,36,5436,2,4097,119,3
2020-08-27,2806,86,13,1821,886,511,628703,48,5602,3,4097,121,3
2020-08-28,2835,86,13,1833,903,514,634011,29,5308,3,4831,122,3
2020-08-29,2870,86,13,1837,934,517,636769,35,2758,3,4969,122,3
2020-08-30,2902,86,13,1845,958,518,638304,32,1535,1,4890,124,3
2020-08-31,2925,86,13,1862,964,521,642964,23,4660,3,5115,123,3
2020-09-01,2954,86,13,1893,962,525,648123,29,5159,4,5571,117,3
2020-09-02,2974,86,13,1907,968,527,653004,20,4881,2,5549,116,3
2020-09-03,3000,86,13,1920,981,534,657922,26,4918,7,4593,NA,NA
2020-09-04,3036,86,13,1954,983,534,663159,36,5237,0,5882,116,3
2020-09-05,3079,86,13,1954,1026,535,665045,43,1886,1,6047,117,3
2020-09-06,3096,86,13,1959,1038,535,666190,17,1145,0,6291,120,3
2020-09-07,3128,86,13,1996,1033,541,670557,32,4367,6,6706,118,3
2020-09-08,3160,86,14,2017,1043,543,675860,32,5303,2,6867,120,3
2020-09-09,3196,86,13,2035,1062,545,681357,36,5497,2,7074,118,2
2020-09-10,3240,86,13,2052,1089,547,686378,44,5021,2,7390,116,2
2020-09-11,3293,87,13,2070,1123,552,691483,53,5105,5,7788,115,2
2020-09-12,3332,87,13,2070,1162,557,693399,39,1916,5,7835,116,2
2020-09-13,3383,87,13,2088,1195,559,694781,51,1382,2,8089,120,2
2020-09-14,3394,87,14,2120,1173,559,699400,11,4619,0,8044,122,2
2020-09-15,3439,87,14,2131,1207,563,705479,45,6079,4,7952,130,2
2020-09-16,3501,87,14,2160,1240,567,710368,62,4889,4,8081,130,3
2020-09-17,3562,87,14,2186,1275,569,716232,61,5864,2,8096,129,2
2020-09-18,3661,87,17,2197,1360,573,722157,99,5925,4,11150,151,2
2020-09-19,3741,87,17,2198,1439,574,724387,80,2230,1,12893,155,2
2020-09-20,3811,87,17,2208,1499,578,725756,70,1369,4,13927,161,2
2020-09-21,3856,87,18,2237,1514,580,731172,45,5416,2,15491,164,2
2020-09-22,3929,87,18,2248,1576,583,736821,73,5649,3,15977,172,3
2020-09-23,4067,89,19,2273,1686,584,743434,138,6613,1,17839,194,2
2020-09-24,4181,89,19,2308,1765,590,749462,114,6028,6,18599,193,2
2020-09-25,4292,91,19,2326,1856,591,756461,111,6999,1,19791,194,3
2020-09-26,4383,92,19,2327,1945,592,759511,91,3050,1,21204,195,3
2020-09-27,4487,92,19,2339,2037,593,760876,104,1365,1,22147,200,3
2020-09-28,4575,92,19,2354,2110,597,767254,88,6378,4,22976,207,3
2020-09-29,4690,92,19,2384,2195,602,774247,115,6993,5,23981,224,3
2020-09-30,4781,92,19,2431,2239,602,781220,91,6973,0,25171,223,3
2020-10-01,4953,94,19,2471,2369,606,787644,172,6424,4,26602,214,2
2020-10-02,5078,94,19,2494,2471,609,795287,125,7643,3,27332,218,2
2020-10-03,5183,94,19,2495,2575,613,798706,105,3419,4,28077,222,2
2020-10-04,5283,95,20,2519,2649,616,800622,100,1916,3,28162,226,3
2020-10-05,5364,99,21,2569,2675,619,807243,81,6621,3,29895,225,3
2020-10-06,5480,101,21,2613,2745,625,814520,116,7277,6,30662,222,3
2020-10-07,5622,102,21,2679,2820,631,822435,142,7915,6,31325,219,3
2020-10-08,5755,103,22,2740,2890,641,829934,133,7499,10,31943,221,3
2020-10-09,5959,103,22,2759,3075,646,837761,204,7827,5,35719,238,3
2020-10-10,6119,103,22,2778,3216,648,841683,160,3922,2,32607,241,3
2020-10-11,6245,103,22,2802,3318,653,844002,126,2319,5,31286,251,4
2020-10-12,6363,106,32,2876,3349,655,851268,118,7266,2,34624,246,4
2020-10-13,6500,109,32,2969,3390,658,859407,137,8139,3,34747,237,5
2020-10-14,6755,111,32,3004,3608,667,867230,255,7823,9,34747,254,6
2020-10-15,7036,113,34,3049,3840,676,875858,281,8628,9,34269,273,8
2020-10-16,7264,113,35,3097,4019,677,884378,228,8520,1,34180,288,8
2020-10-17,7517,113,35,3096,4273,682,888221,253,3843,5,33466,305,8
2020-10-18,7723,116,35,3157,4415,685,891474,206,3253,3,32220,308,8
2020-10-19,7926,118,37,3351,4420,691,899606,203,8132,6,31946,317,10
2020-10-20,8239,124,37,3633,4445,692,909223,313,9617,1,31859,321,11
2020-10-21,8666,125,41,3774,4726,700,919435,427,10212,8,31575,340,11
2020-10-22,9111,128,44,3986,4953,705,929674,445,10239,5,30923,330,11
2020-10-23,9591,129,46,4021,5395,709,940112,480,10438,4,34072,350,11
2020-10-24,10187,134,46,4073,5934,715,945378,596,5266,6,31525,369,11
2020-10-25,10952,136,47,4141,6628,721,948639,765,3261,6,31690,408,13
2020-10-26,11374,142,52,4330,6850,721,958029,422,9390,0,27714,435,17
2020-10-27,12146,145,52,4509,7440,725,968835,772,10806,4,28007,464,16
2020-10-28,13093,151,56,4583,8303,727,980701,947,11866,2,28756,487,16
2020-10-29,13817,158,57,4739,8863,728,993437,724,12736,1,29636,500,17
2020-10-30,14819,165,59,4876,9719,732,1003801,1002,10364,4,31948,544,19
2020-10-31,15705,166,57,4883,10599,737,1010598,886,6797,5,33291,579,21
2020-11-01,16542,170,60,4891,11421,738,1014706,837,4108,1,34374,600,19
2020-11-02,17440,175,61,4935,12269,740,1019699,898,4993,2,34794,615,18
2020-11-03,18094,182,63,5108,12741,745,1031758,654,12059,5,35403,665,17
2020-11-04,19089,188,64,5285,13552,748,1046352,995,14594,3,36164,708,19
2020-11-05,20743,194,67,5524,14958,752,1061841,1654,15489,4,38179,756,20
2020-11-06,22683,203,68,5632,16780,759,1076536,1940,14695,7,41044,788,20
2020-11-07,24658,207,69,5706,18676,767,1083706,1975,7170,8,43761,846,21
2020-11-08,25695,214,71,5786,19624,772,1088195,1037,4489,5,44688,904,23
2020-11-09,26804,222,76,6228,20278,775,1100957,1109,12762,3,49271,925,25
2020-11-10,28236,236,84,6768,21148,784,1114049,1432,13092,9,78306,998,27
2020-11-11,29795,245,92,7153,22305,792,1128504,1559,14455,8,84024,1068,29
2020-11-12,31855,258,96,7476,24025,797,1143568,2060,15064,5,91202,1144,29
2020-11-13,33385,269,103,7720,25293,802,1158147,1530,14579,5,97437,1216,32
2020-11-14,34759,277,110,7765,26607,807,1164751,1374,6604,5,99124,1272,34
2020-11-15,35907,287,113,8076,27431,813,1169209,1148,4458,6,100553,1306,34
2020-11-16,36872,306,120,8873,27573,816,1181689,965,12480,3,109697,1361,35
2020-11-17,38814,328,128,9731,28627,826,1193774,1942,12085,10,93429,1490,34
2020-11-18,40489,344,139,10185,29821,831,1206908,1675,13134,5,86121,1558,37
2020-11-19,42757,362,145,10560,31690,839,1222056,2268,15148,8,NA,1649,39
2020-11-20,44739,377,151,10883,33328,842,1236189,1982,14133,3,NA,1759,41
